     0/199     3.94G     0.521         0     0.179       0.7         3       608         0         0         0         0         0         0         0
     1/199     3.94G     0.454         0     0.178     0.632         2       608         0         0         0         0         0         0         0
     2/199     3.94G     0.414         0     0.171     0.585         0       608         0         0         0         0         0         0         0
     3/199     3.94G     0.405         0      0.17     0.575        12       608         0         0         0         0         0         0         0
     4/199     3.94G     0.324         0      0.16     0.485         0       608         0         0         0         0         0         0         0
     5/199     3.94G     0.303         0     0.157      0.46         5       608         0         0         0         0         0         0         0
     6/199     3.94G     0.279         0     0.156     0.435         1       608         0         0         0         0         0         0         0
     7/199     3.94G     0.268         0     0.151      0.42         5       608         0         0         0         0         0         0         0
     8/199     3.94G     0.245         0     0.151     0.396         6       608         0         0         0         0         0         0         0
     9/199     3.94G     0.271         0     0.147     0.418         6       608         0         0         0         0         0         0         0
    10/199     3.94G      0.26         0     0.147     0.407         1       608     0.136     0.862     0.487     0.235         0         0         0
    11/199     3.94G     0.235         0     0.133     0.368         2       608     0.157     0.853     0.482     0.264         0         0         0
    12/199     3.94G     0.241         0     0.135     0.375         7       608     0.184     0.853      0.49     0.302         0         0         0
    13/199     3.94G     0.226         0     0.131     0.357         8       608     0.195     0.866     0.526     0.318         0         0         0
    14/199     3.94G      0.23         0     0.135     0.365         8       608     0.231     0.876     0.567     0.366         0         0         0
    15/199     3.94G     0.241         0     0.134     0.375         7       608     0.205     0.857     0.549     0.331         0         0         0
    16/199     3.94G     0.248         0     0.127     0.375        12       608     0.237     0.857     0.566     0.371         0         0         0
    17/199     3.94G      0.21         0     0.128     0.338         2       608     0.228     0.843     0.581     0.358         0         0         0
    18/199     3.94G     0.215         0     0.128     0.343         7       608      0.21     0.843     0.532     0.336         0         0         0
    19/199     3.94G     0.218         0     0.127     0.345         7       608     0.232     0.857     0.516     0.365         0         0         0
    20/199     3.94G     0.224         0     0.119     0.343         7       608     0.233     0.866     0.549     0.368         0         0         0
    21/199     3.94G     0.216         0      0.12     0.336         1       608     0.197     0.853      0.53      0.32         0         0         0
    22/199     3.94G     0.209         0     0.121      0.33         2       608     0.272     0.862     0.558     0.414         0         0         0
    23/199     3.94G     0.201         0     0.115     0.316         2       608     0.277     0.876      0.56     0.421         0         0         0
    24/199     3.94G     0.209         0     0.115     0.324         3       608     0.247     0.862     0.524     0.384         0         0         0
    25/199     3.94G     0.212         0     0.114     0.325         0       608     0.196     0.797     0.493     0.315         0         0         0
    26/199     3.94G     0.208         0     0.114     0.322         3       608     0.251     0.885     0.577     0.391         0         0         0
    27/199     3.94G     0.217         0     0.119     0.336        13       608     0.247     0.862     0.528     0.384         0         0         0
    28/199     3.94G     0.225         0     0.127     0.352         1       608     0.252     0.848     0.483     0.389         0         0         0
    29/199     3.94G     0.203         0     0.109     0.312         0       608      0.27     0.853     0.568      0.41         0         0         0
    30/199     3.94G     0.207         0     0.115     0.322         2       608     0.303     0.829      0.57     0.444         0         0         0
    31/199     3.94G     0.205         0      0.12     0.324         7       608     0.262     0.857     0.518     0.402         0         0         0
    32/199     3.94G     0.209         0     0.127     0.336         1       608      0.21      0.88     0.527     0.339         0         0         0
    33/199     3.94G     0.198         0     0.112     0.309         3       608     0.192     0.834     0.487     0.312         0         0         0
    34/199     3.94G     0.206         0     0.116     0.322         4       608     0.321     0.834     0.573     0.464         0         0         0
    35/199     3.94G     0.197         0     0.119     0.315         4       608     0.268     0.834     0.541     0.406         0         0         0
    36/199     3.94G     0.218         0     0.124     0.342         4       608     0.256     0.839     0.483     0.392         0         0         0
    37/199     3.94G     0.205         0      0.12     0.325         2       608     0.269     0.857     0.558      0.41         0         0         0
    38/199     3.94G     0.197         0     0.107     0.304         0       608     0.293     0.848     0.519     0.436         0         0         0
    39/199     3.94G     0.237         0     0.124     0.361        16       608     0.278     0.834     0.522     0.417         0         0         0
    40/199     3.94G     0.205         0     0.116     0.321         0       608     0.247     0.866      0.53     0.384         0         0         0
    41/199     3.94G     0.193         0     0.108     0.301         3       608     0.263     0.843     0.516     0.401         0         0         0
    42/199     3.94G     0.185         0     0.112     0.297         2       608     0.248     0.848     0.545     0.383         0         0         0
    43/199     3.94G     0.207         0     0.118     0.325         4       608     0.253     0.834     0.523     0.388         0         0         0
    44/199     3.94G      0.19         0     0.116     0.306         2       608     0.287     0.848     0.557     0.428         0         0         0
    45/199     3.94G     0.189         0     0.109     0.298         4       608       0.3      0.82     0.535      0.44         0         0         0
    46/199     3.94G     0.178         0      0.11     0.287         2       608     0.306     0.857     0.569     0.451         0         0         0
    47/199     3.94G     0.193         0      0.11     0.303         6       608     0.282     0.857     0.544     0.425         0         0         0
    48/199     3.94G     0.193         0     0.112     0.304         4       608     0.282     0.829     0.519     0.421         0         0         0
    49/199     3.94G     0.182         0    0.0976     0.279         1       608     0.347     0.806      0.55     0.485         0         0         0
    50/199     3.94G     0.186         0     0.106     0.292         7       608     0.239     0.843     0.493     0.373         0         0         0
    51/199     3.94G     0.199         0     0.113     0.312         3       608     0.259     0.843     0.508     0.396         0         0         0
    52/199     3.94G     0.203         0      0.11     0.314         5       608     0.291     0.862     0.569     0.435         0         0         0
    53/199     3.94G     0.188         0     0.109     0.297         3       608     0.298     0.839     0.541      0.44         0         0         0
    54/199     3.94G      0.19         0     0.112     0.302         2       608     0.307     0.843     0.548      0.45         0         0         0
    55/199     3.94G      0.19         0      0.11       0.3         1       608     0.253     0.843     0.523     0.389         0         0         0
    56/199     3.94G     0.188         0     0.104     0.293         2       608     0.273     0.834     0.541     0.411         0         0         0
    57/199     3.94G     0.185         0     0.111     0.295         2       608     0.349     0.783     0.563     0.483         0         0         0
    58/199     3.94G     0.181         0     0.107     0.287         2       608     0.343     0.825     0.555     0.484         0         0         0
    59/199     3.94G     0.169         0     0.102     0.271         5       608     0.334     0.834     0.531     0.477         0         0         0
    60/199     3.94G     0.195         0     0.106     0.301        11       608     0.327     0.848      0.55     0.472         0         0         0
    61/199     3.94G     0.172         0     0.102     0.274         5       608     0.279     0.853     0.536      0.42         0         0         0
    62/199     3.94G     0.172         0     0.102     0.274         2       608     0.332     0.848      0.54     0.477         0         0         0
    63/199     3.94G      0.17         0     0.102     0.272         6       608     0.338     0.829     0.527      0.48         0         0         0
    64/199     3.94G      0.18         0     0.104     0.284         2       608     0.345     0.839     0.543     0.489         0         0         0
    65/199     3.94G      0.19         0     0.102     0.292        11       608     0.358     0.793      0.52     0.494         0         0         0
    66/199     3.94G     0.169         0     0.105     0.273         3       608     0.307     0.834     0.524     0.449         0         0         0
    67/199     3.94G     0.181         0     0.104     0.285         5       608     0.316     0.834     0.539     0.459         0         0         0
    68/199     3.94G     0.177         0     0.104     0.282         1       608     0.329     0.825     0.535      0.47         0         0         0
    69/199     3.94G     0.193         0     0.103     0.296         3       608     0.297     0.825     0.516     0.437         0         0         0
    70/199     3.94G     0.164         0     0.098     0.262         2       608     0.311     0.816     0.521      0.45         0         0         0
    71/199     3.94G     0.178         0     0.104     0.282         2       608     0.335      0.82     0.529     0.476         0         0         0
    72/199     3.94G      0.17         0    0.0992      0.27         3       608     0.319     0.839     0.508     0.462         0         0         0
    73/199     3.94G     0.169         0     0.103     0.272         1       608      0.29     0.829     0.493      0.43         0         0         0
    74/199     3.94G     0.176         0     0.102     0.277         1       608     0.313     0.816     0.493     0.452         0         0         0
    75/199     3.94G      0.18         0     0.108     0.288         4       608     0.327      0.82     0.507     0.468         0         0         0
    76/199     3.94G     0.157         0    0.0937     0.251         2       608     0.349     0.806     0.495     0.487         0         0         0
    77/199     3.94G     0.166         0     0.099     0.265         3       608     0.336     0.802     0.488     0.473         0         0         0
    78/199     3.94G     0.167         0    0.0945     0.261         2       608      0.36     0.793     0.486     0.495         0         0         0
    79/199     3.94G     0.178         0     0.101     0.278         4       608      0.34      0.82     0.503      0.48         0         0         0
    80/199     3.94G     0.162         0    0.0942     0.256         2       608      0.35     0.802     0.493     0.487         0         0         0
    81/199     3.94G     0.174         0    0.0962     0.271         3       608      0.37     0.802     0.508     0.507         0         0         0
    82/199     3.94G     0.162         0     0.096     0.258         3       608     0.342     0.829     0.529     0.484         0         0         0
    83/199     3.94G     0.166         0       0.1     0.266         7       608     0.333     0.848      0.53     0.479         0         0         0
    84/199     3.94G     0.152         0    0.0936     0.246         4       608     0.331     0.829     0.508     0.474         0         0         0
    85/199     3.94G     0.146         0    0.0891     0.235         5       608     0.358     0.816     0.544     0.498         0         0         0
    86/199     3.94G      0.16         0    0.0941     0.254         4       608     0.353     0.825     0.502     0.494         0         0         0
    87/199     3.94G     0.168         0     0.096     0.264         1       608      0.34     0.811     0.499      0.48         0         0         0
    88/199     3.94G     0.157         0     0.093      0.25         0       608      0.36     0.816     0.544     0.499         0         0         0
    89/199     3.94G     0.175         0    0.0962     0.271         9       608     0.416     0.788     0.517     0.545         0         0         0
    90/199     3.94G     0.147         0     0.092     0.239         3       608     0.361     0.825     0.526     0.502         0         0         0
    91/199     3.94G     0.152         0    0.0925     0.244        14       608     0.347     0.829     0.525     0.489         0         0         0
    92/199     3.94G     0.141         0    0.0875     0.228         2       608      0.38     0.806     0.538     0.517         0         0         0
    93/199     3.94G     0.159         0     0.102     0.261         4       608     0.342      0.82     0.565     0.482         0         0         0
    94/199     3.94G     0.152         0    0.0899     0.242         3       608      0.31     0.834     0.529     0.452         0         0         0
    95/199     3.94G     0.162         0     0.096     0.258         0       608     0.325     0.811     0.536     0.464         0         0         0
    96/199     3.94G     0.175         0     0.108     0.283         1       608     0.384     0.806     0.546      0.52         0         0         0
    97/199     3.94G     0.151         0    0.0989      0.25        11       608     0.399     0.829     0.567     0.539         0         0         0
    98/199     3.94G     0.164         0    0.0947     0.258         7       608     0.375     0.834     0.569     0.517         0         0         0
    99/199     3.94G     0.149         0    0.0938     0.243         1       608     0.374     0.825     0.545     0.514         0         0         0
   100/199     3.94G     0.154         0    0.0912     0.245         5       608     0.357     0.802     0.514     0.494         0         0         0
   101/199     3.94G     0.147         0    0.0888     0.236         7       608     0.369     0.802     0.507     0.505         0         0         0
   102/199     3.94G      0.15         0    0.0955     0.246         2       608     0.428     0.793     0.527     0.556         0         0         0
   103/199     3.94G     0.162         0    0.0933     0.256         7       608     0.418     0.797     0.549     0.548         0         0         0
   104/199     3.94G     0.156         0    0.0996     0.255         1       608     0.382     0.806      0.53     0.519         0         0         0
   105/199     3.94G     0.154         0    0.0913     0.245         2       608     0.361     0.811     0.512       0.5         0         0         0
   106/199     3.94G     0.146         0    0.0844     0.231         0       608     0.374     0.811     0.526     0.512         0         0         0
   107/199     3.94G     0.166         0     0.093     0.259         1       608     0.383     0.811     0.519     0.521         0         0         0
   108/199     3.94G     0.156         0    0.0891     0.245         3       608     0.372     0.816      0.51     0.511         0         0         0
   109/199     3.94G     0.153         0    0.0917     0.245         1       608     0.341     0.806     0.488     0.479         0         0         0
   110/199     3.94G     0.123         0    0.0815     0.205         1       608     0.376     0.816     0.536     0.515         0         0         0
   111/199     3.94G     0.149         0    0.0917     0.241         8       608     0.398     0.802     0.542     0.532         0         0         0
   112/199     3.94G     0.138         0     0.088     0.226         4       608     0.365     0.793     0.519       0.5         0         0         0
   113/199     3.94G      0.15         0    0.0922     0.242        12       608     0.369     0.802     0.527     0.505         0         0         0
   114/199     3.94G     0.151         0    0.0892      0.24         1       608     0.378     0.825     0.525     0.519         0         0         0
   115/199     3.94G     0.136         0    0.0866     0.223         5       608     0.366     0.806     0.506     0.504         0         0         0
   116/199     3.94G     0.137         0    0.0835     0.221         0       608      0.38     0.806     0.524     0.517         0         0         0
   117/199     3.94G     0.145         0    0.0866     0.232         3       608     0.388     0.802     0.539     0.523         0         0         0
   118/199     3.94G     0.159         0    0.0918     0.251         4       608     0.399     0.816     0.532     0.536         0         0         0
   119/199     3.94G      0.14         0    0.0862     0.226         9       608     0.402     0.806     0.525     0.537         0         0         0
   120/199     3.94G      0.14         0    0.0892     0.229         2       608     0.426     0.797     0.531     0.555         0         0         0
   121/199     3.94G     0.142         0    0.0852     0.227         2       608     0.404     0.816     0.548      0.54         0         0         0
   122/199     3.94G     0.128         0    0.0854     0.214         2       608      0.35     0.816     0.535      0.49         0         0         0
   123/199     3.94G     0.129         0    0.0822     0.212         3       608      0.35     0.811     0.508     0.489         0         0         0
   124/199     3.94G     0.136         0     0.088     0.224         2       608     0.378     0.825     0.525     0.518         0         0         0
   125/199     3.94G     0.151         0    0.0871     0.238         7       608       0.4     0.811     0.546     0.536         0         0         0
   126/199     3.94G     0.149         0    0.0906      0.24         8       608     0.398     0.806     0.549     0.533         0         0         0
   127/199     3.94G     0.149         0    0.0912     0.241         4       608     0.382     0.797     0.546     0.516         0         0         0
   128/199     3.94G     0.128         0    0.0827     0.211         8       608     0.403     0.811     0.533     0.538         0         0         0
   129/199     3.94G     0.153         0     0.096     0.249         4       608     0.422     0.811     0.539     0.555         0         0         0
   130/199     3.94G     0.135         0    0.0889     0.224         4       608     0.411     0.825      0.57     0.549         0         0         0
   131/199     3.94G      0.14         0    0.0934     0.234         2       608     0.419     0.816     0.572     0.554         0         0         0
   132/199     3.94G     0.137         0    0.0879     0.225         3       608     0.408     0.816     0.577     0.544         0         0         0
   133/199     3.94G     0.129         0    0.0836     0.212         3       608     0.409     0.811     0.571     0.544         0         0         0
   134/199     3.94G     0.132         0    0.0861     0.218         0       608     0.408     0.802     0.549     0.541         0         0         0
   135/199     3.94G     0.128         0     0.083     0.211         2       608     0.402     0.783     0.534     0.531         0         0         0
   136/199     3.94G     0.128         0    0.0835     0.212         0       608     0.397     0.788     0.526     0.528         0         0         0
   137/199     3.94G     0.138         0    0.0888     0.227         2       608     0.378     0.788     0.527     0.511         0         0         0
   138/199     3.94G      0.16         0    0.0851     0.245        14       608     0.406     0.783     0.525     0.535         0         0         0
   139/199     3.94G     0.112         0    0.0849     0.197         3       608     0.395     0.793     0.532     0.528         0         0         0
   140/199     3.94G     0.122         0    0.0879      0.21        21       608     0.419     0.788      0.54     0.547         0         0         0
   141/199     3.94G     0.136         0    0.0846     0.221         2       608     0.409     0.793     0.537     0.539         0         0         0
   142/199     3.94G     0.132         0    0.0893     0.221         2       608     0.429     0.793     0.533     0.557         0         0         0
   143/199     3.94G     0.128         0    0.0863     0.214         2       608     0.449     0.793     0.545     0.573         0         0         0
   144/199     3.94G     0.118         0    0.0862     0.205         0       608     0.426     0.806     0.559     0.557         0         0         0
   145/199     3.94G     0.105         0    0.0775     0.183         2       608     0.429     0.816      0.55     0.562         0         0         0
   146/199     3.94G     0.115         0     0.079     0.194         1       608      0.43     0.811     0.538     0.562         0         0         0
   147/199     3.94G     0.114         0    0.0771     0.191         4       608     0.404     0.816     0.544      0.54         0         0         0
   148/199     3.94G     0.137         0      0.08     0.217         8       608     0.404     0.806     0.521     0.538         0         0         0
   149/199     3.94G     0.134         0    0.0915     0.226         1       608     0.408     0.806      0.53     0.542         0         0         0
   150/199     3.94G     0.122         0    0.0889     0.211         8       608     0.415     0.788     0.531     0.544         0         0         0
   151/199     3.94G     0.127         0    0.0845     0.212         5       608     0.437     0.802     0.557     0.566         0         0         0
   152/199     3.94G     0.129         0    0.0845     0.214         3       608     0.435     0.788     0.522     0.561         0         0         0
   153/199     3.94G     0.127         0     0.086     0.213         7       608     0.426     0.806     0.538     0.557         0         0         0
   154/199     3.94G     0.107         0     0.076     0.183         2       608     0.411     0.802     0.549     0.544         0         0         0
   155/199     3.94G     0.129         0    0.0864     0.216         5       608     0.408     0.802     0.551     0.541         0         0         0
   156/199     3.94G     0.141         0    0.0857     0.226        13       608     0.405     0.811     0.557      0.54         0         0         0
   157/199     3.94G     0.107         0    0.0762     0.183         6       608     0.394     0.816     0.542     0.532         0         0         0
   158/199     3.94G     0.121         0     0.083     0.204         4       608     0.406     0.806     0.546      0.54         0         0         0
   159/199     3.94G     0.112         0    0.0842     0.197         3       608     0.424     0.797     0.552     0.554         0         0         0
   160/199     3.94G     0.125         0    0.0817     0.207         4       608     0.429     0.825     0.589     0.565         0         0         0
   161/199     3.94G     0.124         0    0.0881     0.212        12       608     0.431     0.806     0.566     0.562         0         0         0
   162/199     3.94G     0.114         0    0.0771     0.191         1       608     0.418     0.816     0.551     0.553         0         0         0
   163/199     3.94G     0.122         0    0.0832     0.205        21       608     0.444     0.811     0.552     0.574         0         0         0
   164/199     3.94G     0.118         0    0.0788     0.197         2       608     0.423     0.816     0.543     0.557         0         0         0
   165/199     3.94G     0.125         0    0.0842     0.209         3       608     0.442     0.829     0.569     0.577         0         0         0
   166/199     3.94G     0.111         0    0.0823     0.193         2       608     0.434     0.816     0.553     0.566         0         0         0
   167/199     3.94G     0.113         0    0.0757     0.188         3       608     0.418     0.816     0.552     0.553         0         0         0
   168/199     3.94G     0.121         0    0.0779     0.199        10       608     0.429     0.811     0.547     0.561         0         0         0
   169/199     3.94G     0.121         0    0.0891      0.21         6       608     0.403     0.825     0.552     0.542         0         0         0
   170/199     3.94G     0.113         0    0.0786     0.191         8       608     0.414     0.816     0.537     0.549         0         0         0
   171/199     3.94G      0.12         0    0.0803       0.2         4       608     0.418     0.811     0.546     0.552         0         0         0
   172/199     3.94G     0.122         0    0.0804     0.203         3       608     0.409      0.82      0.55     0.546         0         0         0
   173/199     3.94G     0.122         0     0.079     0.201         6       608     0.387     0.816     0.532     0.525         0         0         0
   174/199     3.94G     0.121         0     0.077     0.198         0       608     0.422     0.806     0.529     0.554         0         0         0
   175/199     3.94G     0.149         0    0.0846     0.234        13       608     0.427     0.816      0.54      0.56         0         0         0
   176/199     3.94G     0.113         0    0.0791     0.192         5       608     0.429     0.811     0.539     0.561         0         0         0
   177/199     3.94G     0.114         0    0.0834     0.197         3       608     0.432     0.811     0.551     0.564         0         0         0
   178/199     3.94G     0.107         0     0.078     0.185         1       608     0.426     0.806     0.539     0.557         0         0         0
   179/199     3.94G     0.142         0    0.0833     0.225         8       608     0.433     0.793     0.527      0.56         0         0         0
   180/199     3.94G     0.121         0    0.0838     0.205         2       608     0.434     0.816     0.556     0.566         0         0         0
   181/199     3.94G     0.115         0    0.0781     0.193         3       608     0.451     0.797     0.546     0.576         0         0         0
   182/199     3.94G     0.141         0    0.0863     0.228         8       608     0.435     0.797     0.537     0.563         0         0         0
   183/199     3.94G     0.113         0     0.075     0.188         4       608      0.42     0.811     0.554     0.553         0         0         0
   184/199     3.94G     0.125         0    0.0871     0.212         3       608     0.423     0.806     0.544     0.555         0         0         0
   185/199     3.94G     0.113         0    0.0744     0.187         3       608     0.431     0.802     0.534      0.56         0         0         0
   186/199     3.94G     0.115         0    0.0764     0.192         5       608     0.431     0.825     0.559     0.566         0         0         0
   187/199     3.94G     0.104         0    0.0865     0.191         4       608     0.425     0.802     0.541     0.556         0         0         0
   188/199     3.94G     0.118         0    0.0854     0.204         3       608     0.439     0.811     0.552      0.57         0         0         0
   189/199     3.94G     0.113         0    0.0782     0.191         4       608     0.443     0.811     0.545     0.573         0         0         0
   190/199     3.94G     0.119         0    0.0822     0.201         4       608     0.434     0.788     0.534      0.56         0         0         0
   191/199     3.94G     0.134         0    0.0858     0.219         8       608     0.431     0.793     0.533     0.558         0         0         0
   192/199     3.94G      0.11         0    0.0874     0.197         8       608     0.445     0.797     0.533     0.571         0         0         0
   193/199     3.94G     0.115         0    0.0798     0.195         3       608     0.435     0.802     0.542     0.564         0         0         0
   194/199     3.94G     0.131         0    0.0841     0.215         5       608     0.431     0.793     0.531     0.558         0         0         0
   195/199     3.94G     0.104         0    0.0742     0.178         0       608     0.443     0.802      0.56      0.57         0         0         0
   196/199     3.94G     0.102         0    0.0737     0.175         5       608     0.438     0.802     0.562     0.567         0         0         0
   197/199     3.94G     0.111         0    0.0757     0.187         7       608     0.437     0.811     0.554     0.568         0         0         0
   198/199     3.94G     0.134         0    0.0796     0.213         9       608     0.442     0.797     0.526     0.569         0         0         0
   199/199     3.94G     0.138         0    0.0908     0.229         4       608    0.0719     0.885     0.575     0.133         0         0         0
