     0/199     3.94G     0.101         0     0.109      0.21         3       608         0         0         0         0         0         0         0
     1/199     3.94G     0.102         0     0.113     0.215         2       608         0         0         0         0         0         0         0
     2/199     3.94G    0.0951         0     0.107     0.202         0       608         0         0         0         0         0         0         0
     3/199     3.94G    0.0987         0     0.105     0.204        12       608         0         0         0         0         0         0         0
     4/199     3.94G    0.0934         0     0.098     0.191         0       608         0         0         0         0         0         0         0
     5/199     3.94G    0.0966         0    0.0995     0.196         5       608         0         0         0         0         0         0         0
     6/199     3.94G    0.0899         0    0.0987     0.189         1       608         0         0         0         0         0         0         0
     7/199     3.94G    0.0862         0    0.0999     0.186         5       608         0         0         0         0         0         0         0
     8/199     3.94G    0.0884         0     0.104     0.193         6       608         0         0         0         0         0         0         0
     9/199     3.94G    0.0997         0     0.105     0.204         6       608         0         0         0         0         0         0         0
    10/199     3.94G     0.091         0     0.102     0.192         1       608     0.265      0.88     0.561     0.407         0         0         0
    11/199     3.94G    0.0866         0    0.0985     0.185         2       608     0.266     0.862     0.567     0.407         0         0         0
    12/199     3.94G    0.0893         0    0.0996     0.189         7       608     0.303     0.834     0.539     0.444         0         0         0
    13/199     3.94G    0.0843         0    0.0945     0.179         8       608     0.308      0.88     0.586     0.456         0         0         0
    14/199     3.94G    0.0807         0     0.103     0.183         8       608     0.338     0.885     0.588     0.489         0         0         0
    15/199     3.94G    0.0874         0     0.095     0.182         7       608      0.33     0.876     0.573     0.479         0         0         0
    16/199     3.94G    0.0835         0    0.0916     0.175        12       608     0.332     0.871     0.602      0.48         0         0         0
    17/199     3.94G    0.0775         0    0.0979     0.175         2       608      0.34     0.857     0.583     0.487         0         0         0
    18/199     3.94G    0.0801         0       0.1     0.181         7       608     0.342     0.834     0.528     0.485         0         0         0
    19/199     3.94G    0.0823         0    0.0961     0.178         7       608     0.355     0.848     0.565     0.501         0         0         0
    20/199     3.94G    0.0849         0    0.0902     0.175         7       608     0.342     0.862      0.56      0.49         0         0         0
    21/199     3.94G    0.0826         0    0.0949     0.177         1       608     0.354     0.876     0.594     0.504         0         0         0
    22/199     3.94G    0.0791         0    0.0995     0.179         2       608     0.354     0.866     0.597     0.503         0         0         0
    23/199     3.94G    0.0745         0    0.0934     0.168         2       608     0.325     0.894     0.596     0.477         0         0         0
    24/199     3.94G     0.075         0    0.0902     0.165         3       608     0.321     0.876     0.583      0.47         0         0         0
    25/199     3.94G    0.0795         0    0.0903      0.17         0       608     0.325     0.829     0.548     0.468         0         0         0
    26/199     3.94G    0.0732         0    0.0876     0.161         3       608     0.312     0.843     0.548     0.455         0         0         0
    27/199     3.94G    0.0765         0     0.092     0.168        13       608     0.321     0.848     0.548     0.466         0         0         0
    28/199     3.94G    0.0791         0     0.103     0.182         1       608     0.325     0.853     0.538     0.471         0         0         0
    29/199     3.94G    0.0719         0    0.0845     0.156         0       608     0.323     0.848     0.544     0.468         0         0         0
    30/199     3.94G    0.0761         0    0.0932     0.169         2       608     0.388     0.862      0.61     0.535         0         0         0
    31/199     3.94G    0.0699         0    0.0959     0.166         7       608     0.394     0.843     0.597     0.537         0         0         0
    32/199     3.94G    0.0757         0     0.103     0.179         1       608      0.35     0.862     0.568     0.498         0         0         0
    33/199     3.94G    0.0701         0    0.0901      0.16         3       608     0.333     0.853     0.541     0.479         0         0         0
    34/199     3.94G     0.072         0    0.0873     0.159         4       608     0.358     0.816     0.506     0.497         0         0         0
    35/199     3.94G      0.07         0    0.0928     0.163         4       608     0.366     0.839     0.552      0.51         0         0         0
    36/199     3.94G    0.0751         0    0.0982     0.173         4       608     0.322     0.839     0.518     0.465         0         0         0
    37/199     3.94G    0.0753         0    0.0983     0.174         2       608     0.304      0.82     0.496     0.443         0         0         0
    38/199     3.94G    0.0718         0    0.0853     0.157         0       608     0.314     0.843     0.543     0.457         0         0         0
    39/199     3.94G    0.0841         0    0.0984     0.182        16       608      0.37     0.829     0.576     0.512         0         0         0
    40/199     3.94G    0.0743         0    0.0912     0.166         0       608     0.352     0.829     0.547     0.495         0         0         0
    41/199     3.94G    0.0674         0    0.0859     0.153         3       608     0.353     0.829     0.526     0.495         0         0         0
    42/199     3.94G    0.0709         0     0.089      0.16         2       608     0.344     0.825      0.54     0.486         0         0         0
    43/199     3.94G    0.0751         0    0.0932     0.168         4       608      0.35     0.825     0.545     0.491         0         0         0
    44/199     3.94G    0.0669         0    0.0925     0.159         2       608     0.329     0.848      0.56     0.474         0         0         0
    45/199     3.94G    0.0772         0    0.0858     0.163         4       608     0.319     0.843     0.571     0.463         0         0         0
    46/199     3.94G    0.0629         0    0.0886     0.152         2       608     0.335     0.843     0.528     0.479         0         0         0
    47/199     3.94G    0.0709         0    0.0901     0.161         6       608     0.328     0.825     0.517     0.469         0         0         0
    48/199     3.94G    0.0692         0    0.0918     0.161         4       608      0.35     0.797     0.522     0.487         0         0         0
    49/199     3.94G    0.0607         0    0.0781     0.139         1       608     0.372     0.793     0.533     0.507         0         0         0
    50/199     3.94G    0.0665         0    0.0839      0.15         7       608     0.351     0.793     0.542     0.487         0         0         0
    51/199     3.94G    0.0721         0    0.0918     0.164         3       608     0.364     0.834     0.559     0.507         0         0         0
    52/199     3.94G    0.0744         0    0.0894     0.164         5       608     0.332     0.834      0.54     0.474         0         0         0
    53/199     3.94G    0.0657         0    0.0852     0.151         3       608     0.371     0.839     0.565     0.514         0         0         0
    54/199     3.94G    0.0633         0    0.0885     0.152         2       608     0.371     0.839     0.581     0.515         0         0         0
    55/199     3.94G     0.068         0    0.0887     0.157         1       608     0.357     0.839     0.509     0.501         0         0         0
    56/199     3.94G     0.066         0    0.0839      0.15         2       608      0.34      0.82       0.5      0.48         0         0         0
    57/199     3.94G    0.0708         0    0.0887     0.159         2       608     0.321     0.825     0.482     0.462         0         0         0
    58/199     3.94G    0.0646         0    0.0851      0.15         2       608     0.375      0.82     0.516     0.514         0         0         0
    59/199     3.94G    0.0622         0    0.0833     0.145         5       608     0.398     0.834     0.556     0.539         0         0         0
    60/199     3.94G    0.0726         0    0.0924     0.165        11       608     0.383     0.829      0.56     0.524         0         0         0
    61/199     3.94G    0.0612         0    0.0833     0.145         5       608     0.363     0.829     0.531     0.505         0         0         0
    62/199     3.94G    0.0598         0    0.0799      0.14         2       608     0.356     0.834     0.528     0.499         0         0         0
    63/199     3.94G    0.0625         0    0.0787     0.141         6       608     0.367     0.843     0.536     0.511         0         0         0
    64/199     3.94G     0.068         0    0.0839     0.152         2       608     0.363     0.853     0.563      0.51         0         0         0
    65/199     3.94G    0.0605         0    0.0842     0.145        11       608     0.358     0.834     0.567     0.501         0         0         0
    66/199     3.94G    0.0584         0    0.0811     0.139         3       608     0.337     0.853     0.558     0.483         0         0         0
    67/199     3.94G    0.0645         0     0.084     0.148         5       608      0.31     0.857     0.528     0.455         0         0         0
    68/199     3.94G    0.0659         0    0.0837      0.15         1       608     0.318     0.825     0.502     0.459         0         0         0
    69/199     3.94G    0.0696         0      0.08      0.15         3       608     0.321     0.834     0.519     0.464         0         0         0
    70/199     3.94G    0.0542         0    0.0746     0.129         2       608     0.369     0.839     0.557     0.513         0         0         0
    71/199     3.94G    0.0626         0    0.0828     0.145         2       608     0.408     0.843     0.571      0.55         0         0         0
    72/199     3.94G     0.058         0    0.0785     0.136         3       608     0.393     0.834     0.556     0.534         0         0         0
    73/199     3.94G     0.061         0    0.0854     0.146         1       608     0.361     0.871      0.52      0.51         0         0         0
    74/199     3.94G    0.0613         0    0.0802     0.141         1       608     0.361     0.834     0.522     0.503         0         0         0
    75/199     3.94G    0.0654         0    0.0871     0.152         4       608     0.365     0.853     0.515     0.511         0         0         0
    76/199     3.94G    0.0548         0    0.0775     0.132         2       608     0.359     0.853     0.528     0.505         0         0         0
    77/199     3.94G     0.056         0    0.0818     0.138         3       608     0.353     0.839     0.547     0.497         0         0         0
    78/199     3.94G    0.0587         0    0.0786     0.137         2       608     0.374     0.857     0.581     0.521         0         0         0
    79/199     3.94G    0.0623         0    0.0842     0.146         4       608     0.363     0.843     0.561     0.508         0         0         0
    80/199     3.94G    0.0596         0    0.0797     0.139         2       608     0.364     0.839     0.545     0.508         0         0         0
    81/199     3.94G    0.0637         0    0.0788     0.142         3       608     0.386     0.839     0.554     0.529         0         0         0
    82/199     3.94G    0.0583         0    0.0799     0.138         3       608     0.354     0.834     0.527     0.497         0         0         0
    83/199     3.94G    0.0627         0    0.0819     0.145         7       608     0.357     0.843     0.537     0.502         0         0         0
    84/199     3.94G    0.0569         0    0.0726      0.13         4       608      0.39     0.834     0.569     0.532         0         0         0
    85/199     3.94G    0.0537         0    0.0734     0.127         5       608     0.408     0.825     0.574     0.546         0         0         0
    86/199     3.94G    0.0627         0    0.0749     0.138         4       608     0.351     0.857     0.558     0.498         0         0         0
    87/199     3.94G    0.0615         0    0.0784      0.14         1       608     0.346     0.857     0.554     0.493         0         0         0
    88/199     3.94G     0.061         0    0.0788      0.14         0       608     0.364     0.834     0.552     0.507         0         0         0
    89/199     3.94G    0.0663         0    0.0787     0.145         9       608     0.392     0.825     0.566     0.531         0         0         0
    90/199     3.94G    0.0549         0    0.0729     0.128         3       608     0.355     0.825      0.54     0.497         0         0         0
    91/199     3.94G    0.0526         0    0.0724     0.125        14       608     0.355     0.843     0.565     0.499         0         0         0
    92/199     3.94G    0.0529         0    0.0709     0.124         2       608     0.376     0.825     0.561     0.517         0         0         0
    93/199     3.94G    0.0584         0     0.086     0.144         4       608     0.382     0.834     0.553     0.524         0         0         0
    94/199     3.94G    0.0549         0    0.0683     0.123         3       608     0.363     0.853     0.564      0.51         0         0         0
    95/199     3.94G    0.0592         0    0.0768     0.136         0       608      0.37     0.829      0.55     0.511         0         0         0
    96/199     3.94G    0.0664         0    0.0841     0.151         1       608     0.404     0.816     0.545      0.54         0         0         0
    97/199     3.94G    0.0579         0    0.0819      0.14        11       608     0.413     0.829     0.569     0.551         0         0         0
    98/199     3.94G    0.0616         0      0.08     0.142         7       608     0.393     0.829     0.564     0.533         0         0         0
    99/199     3.94G    0.0561         0    0.0731     0.129         1       608     0.377     0.829     0.561     0.518         0         0         0
   100/199     3.94G    0.0576         0    0.0758     0.133         5       608     0.363      0.82     0.532     0.504         0         0         0
   101/199     3.94G    0.0555         0     0.071     0.126         7       608     0.377      0.82     0.542     0.517         0         0         0
   102/199     3.94G    0.0548         0    0.0734     0.128         2       608     0.406     0.806     0.555      0.54         0         0         0
   103/199     3.94G    0.0602         0    0.0762     0.136         7       608      0.38     0.806     0.533     0.516         0         0         0
   104/199     3.94G    0.0563         0    0.0814     0.138         1       608     0.361     0.825     0.518     0.502         0         0         0
   105/199     3.94G    0.0592         0    0.0722     0.131         2       608     0.396     0.811     0.528     0.533         0         0         0
   106/199     3.94G     0.053         0    0.0717     0.125         0       608     0.395     0.802     0.534      0.53         0         0         0
   107/199     3.94G    0.0604         0    0.0741     0.135         1       608     0.381     0.829     0.537     0.522         0         0         0
   108/199     3.94G    0.0603         0    0.0755     0.136         3       608     0.383     0.829     0.548     0.524         0         0         0
   109/199     3.94G    0.0576         0    0.0747     0.132         1       608     0.376     0.829     0.568     0.517         0         0         0
   110/199     3.94G     0.049         0    0.0652     0.114         1       608     0.381     0.829     0.566     0.522         0         0         0
   111/199     3.94G    0.0592         0    0.0766     0.136         8       608     0.401      0.82     0.577     0.539         0         0         0
   112/199     3.94G    0.0537         0    0.0727     0.126         4       608     0.394     0.839     0.605     0.536         0         0         0
   113/199     3.94G    0.0549         0     0.074     0.129        12       608     0.402     0.829     0.583     0.541         0         0         0
   114/199     3.94G    0.0611         0    0.0697     0.131         1       608     0.391     0.825     0.575      0.53         0         0         0
   115/199     3.94G    0.0507         0    0.0715     0.122         5       608     0.361     0.834     0.553     0.504         0         0         0
   116/199     3.94G    0.0495         0    0.0661     0.116         0       608     0.351     0.848     0.546     0.497         0         0         0
   117/199     3.94G    0.0554         0     0.073     0.128         3       608     0.365     0.825     0.539     0.506         0         0         0
   118/199     3.94G    0.0592         0    0.0756     0.135         4       608     0.352     0.816     0.546     0.492         0         0         0
   119/199     3.94G    0.0521         0    0.0698     0.122         9       608     0.357      0.82     0.533     0.498         0         0         0
   120/199     3.94G    0.0545         0    0.0728     0.127         2       608     0.392     0.829     0.542     0.533         0         0         0
   121/199     3.94G    0.0512         0    0.0707     0.122         2       608     0.367     0.829     0.534     0.509         0         0         0
   122/199     3.94G    0.0493         0    0.0704      0.12         2       608     0.374     0.825     0.536     0.515         0         0         0
   123/199     3.94G    0.0552         0    0.0652      0.12         3       608      0.36     0.825     0.538     0.501         0         0         0
   124/199     3.94G    0.0525         0     0.071     0.124         2       608     0.346     0.834      0.53     0.489         0         0         0
   125/199     3.94G     0.057         0    0.0683     0.125         7       608      0.39     0.811     0.538     0.527         0         0         0
   126/199     3.94G     0.058         0    0.0742     0.132         8       608     0.397     0.839     0.541     0.539         0         0         0
   127/199     3.94G    0.0625         0    0.0758     0.138         4       608     0.377     0.829     0.553     0.519         0         0         0
   128/199     3.94G    0.0555         0    0.0696     0.125         8       608     0.369     0.825     0.547      0.51         0         0         0
   129/199     3.94G    0.0605         0    0.0821     0.143         4       608     0.367      0.82     0.553     0.507         0         0         0
   130/199     3.94G    0.0546         0    0.0744     0.129         4       608     0.363     0.834     0.567     0.506         0         0         0
   131/199     3.94G    0.0557         0    0.0803     0.136         2       608      0.38      0.82     0.558      0.52         0         0         0
   132/199     3.94G    0.0562         0    0.0747     0.131         3       608     0.388     0.816     0.566     0.526         0         0         0
   133/199     3.94G    0.0527         0    0.0669      0.12         3       608     0.375     0.816     0.563     0.514         0         0         0
   134/199     3.94G    0.0538         0    0.0727     0.126         0       608     0.371     0.811     0.537     0.509         0         0         0
   135/199     3.94G    0.0502         0    0.0648     0.115         2       608     0.363     0.811     0.543     0.501         0         0         0
   136/199     3.94G    0.0529         0    0.0697     0.123         0       608      0.38     0.806     0.542     0.516         0         0         0
   137/199     3.94G    0.0561         0    0.0753     0.131         2       608     0.384     0.802     0.544     0.519         0         0         0
   138/199     3.94G    0.0563         0    0.0686     0.125        14       608       0.4     0.806     0.562     0.535         0         0         0
   139/199     3.94G    0.0451         0    0.0678     0.113         3       608     0.397     0.829     0.591     0.537         0         0         0
   140/199     3.94G    0.0465         0     0.073      0.12        21       608     0.399     0.829     0.579     0.539         0         0         0
   141/199     3.94G    0.0541         0    0.0707     0.125         2       608     0.386     0.829      0.57     0.527         0         0         0
   142/199     3.94G    0.0524         0    0.0722     0.125         2       608     0.388     0.839     0.567     0.531         0         0         0
   143/199     3.94G    0.0514         0    0.0688      0.12         2       608     0.391     0.839     0.565     0.534         0         0         0
   144/199     3.94G    0.0498         0    0.0715     0.121         0       608     0.386     0.839     0.578     0.528         0         0         0
   145/199     3.94G    0.0419         0    0.0617     0.104         2       608     0.393     0.825      0.57     0.533         0         0         0
   146/199     3.94G     0.051         0    0.0603     0.111         1       608     0.404     0.829     0.579     0.544         0         0         0
   147/199     3.94G    0.0447         0    0.0653      0.11         4       608     0.383     0.834     0.569     0.525         0         0         0
   148/199     3.94G    0.0568         0     0.066     0.123         8       608     0.387     0.829     0.562     0.528         0         0         0
   149/199     3.94G    0.0548         0    0.0817     0.137         1       608     0.378     0.829     0.565     0.519         0         0         0
   150/199     3.94G    0.0494         0    0.0715     0.121         8       608     0.402     0.834     0.586     0.543         0         0         0
   151/199     3.94G    0.0502         0      0.07      0.12         5       608     0.412     0.834     0.588     0.552         0         0         0
   152/199     3.94G    0.0536         0    0.0622     0.116         3       608     0.427     0.829     0.591     0.563         0         0         0
   153/199     3.94G    0.0541         0    0.0682     0.122         7       608     0.407     0.829      0.59     0.546         0         0         0
   154/199     3.94G    0.0424         0      0.06     0.102         2       608     0.396     0.834     0.584     0.537         0         0         0
   155/199     3.94G    0.0549         0    0.0723     0.127         5       608     0.398     0.829     0.586     0.538         0         0         0
   156/199     3.94G    0.0558         0    0.0702     0.126        13       608     0.384     0.829      0.57     0.525         0         0         0
   157/199     3.94G    0.0451         0     0.061     0.106         6       608     0.374     0.843      0.57     0.518         0         0         0
   158/199     3.94G    0.0494         0    0.0678     0.117         4       608     0.367     0.843     0.565     0.511         0         0         0
   159/199     3.94G    0.0501         0    0.0676     0.118         3       608     0.389     0.839     0.574     0.531         0         0         0
   160/199     3.94G    0.0484         0    0.0682     0.117         4       608     0.384     0.853     0.586     0.529         0         0         0
   161/199     3.94G    0.0515         0    0.0697     0.121        12       608     0.387     0.843     0.572      0.53         0         0         0
   162/199     3.94G    0.0458         0    0.0657     0.111         1       608     0.401     0.839      0.58     0.542         0         0         0
   163/199     3.94G    0.0551         0    0.0686     0.124        21       608      0.42     0.839     0.579      0.56         0         0         0
   164/199     3.94G    0.0512         0    0.0637     0.115         2       608     0.418     0.829     0.572     0.556         0         0         0
   165/199     3.94G    0.0511         0    0.0697     0.121         3       608     0.416     0.829     0.582     0.554         0         0         0
   166/199     3.94G    0.0491         0    0.0684     0.117         2       608     0.414     0.843     0.582     0.555         0         0         0
   167/199     3.94G    0.0486         0    0.0574     0.106         3       608     0.408     0.839     0.591     0.549         0         0         0
   168/199     3.94G    0.0541         0    0.0619     0.116        10       608     0.415     0.848     0.584     0.558         0         0         0
   169/199     3.94G    0.0506         0    0.0705     0.121         6       608     0.397     0.839     0.582     0.538         0         0         0
   170/199     3.94G    0.0474         0    0.0634     0.111         8       608       0.4     0.843     0.589     0.543         0         0         0
   171/199     3.94G    0.0505         0    0.0628     0.113         4       608     0.399     0.848     0.591     0.543         0         0         0
   172/199     3.94G    0.0487         0    0.0667     0.115         3       608     0.397     0.839     0.583     0.539         0         0         0
   173/199     3.94G    0.0483         0    0.0611     0.109         6       608     0.384     0.843     0.573     0.528         0         0         0
   174/199     3.94G    0.0467         0      0.06     0.107         0       608     0.377     0.839     0.577      0.52         0         0         0
   175/199     3.94G     0.053         0    0.0705     0.124        13       608     0.392     0.843     0.582     0.535         0         0         0
   176/199     3.94G    0.0527         0     0.066     0.119         5       608     0.395     0.848     0.589     0.539         0         0         0
   177/199     3.94G    0.0447         0    0.0668     0.111         3       608     0.388     0.839     0.577     0.531         0         0         0
   178/199     3.94G    0.0457         0    0.0639      0.11         1       608     0.386     0.825     0.561     0.526         0         0         0
   179/199     3.94G    0.0577         0    0.0662     0.124         8       608     0.398     0.829     0.571     0.538         0         0         0
   180/199     3.94G    0.0508         0    0.0646     0.115         2       608     0.378     0.839     0.568     0.521         0         0         0
   181/199     3.94G    0.0485         0    0.0657     0.114         3       608     0.403     0.839     0.584     0.544         0         0         0
   182/199     3.94G    0.0568         0    0.0676     0.124         8       608     0.398     0.839     0.578      0.54         0         0         0
   183/199     3.94G    0.0489         0    0.0575     0.106         4       608     0.389     0.843     0.572     0.532         0         0         0
   184/199     3.94G    0.0526         0    0.0762     0.129         3       608     0.401     0.834     0.574     0.542         0         0         0
   185/199     3.94G    0.0458         0    0.0605     0.106         3       608       0.4     0.834      0.58     0.541         0         0         0
   186/199     3.94G    0.0462         0    0.0624     0.109         5       608     0.403     0.834     0.583     0.544         0         0         0
   187/199     3.94G    0.0429         0     0.069     0.112         4       608       0.4     0.834     0.585      0.54         0         0         0
   188/199     3.94G    0.0494         0     0.068     0.117         3       608     0.409     0.834     0.577     0.548         0         0         0
   189/199     3.94G    0.0472         0    0.0599     0.107         4       608     0.405     0.829     0.581     0.545         0         0         0
   190/199     3.94G    0.0524         0     0.067     0.119         4       608     0.397     0.839     0.581     0.539         0         0         0
   191/199     3.94G    0.0582         0    0.0699     0.128         8       608     0.404     0.839     0.593     0.546         0         0         0
   192/199     3.94G     0.047         0    0.0708     0.118         8       608     0.414     0.843     0.591     0.555         0         0         0
   193/199     3.94G    0.0484         0    0.0649     0.113         3       608     0.401     0.829     0.576     0.541         0         0         0
   194/199     3.94G    0.0573         0    0.0683     0.126         5       608     0.398     0.834     0.581     0.539         0         0         0
   195/199     3.94G     0.044         0    0.0609     0.105         0       608     0.408     0.839     0.582     0.549         0         0         0
   196/199     3.94G    0.0447         0    0.0575     0.102         5       608     0.411     0.843     0.582     0.553         0         0         0
   197/199     3.94G    0.0458         0    0.0602     0.106         7       608     0.406     0.839     0.592     0.547         0         0         0
   198/199     3.94G    0.0525         0    0.0652     0.118         9       608     0.418     0.839     0.588     0.558         0         0         0
   199/199     3.94G    0.0567         0    0.0768     0.134         4       608    0.0353      0.94     0.603    0.0681         0         0         0
