     0/199     3.94G     0.163         0     0.159     0.321         3       608         0         0         0         0         0         0         0
     1/199     3.94G     0.163         0     0.157      0.32         2       608         0         0         0         0         0         0         0
     2/199     3.94G     0.153         0     0.137     0.289         0       608         0         0         0         0         0         0         0
     3/199     3.94G     0.152         0     0.132     0.285        12       608         0         0         0         0         0         0         0
     4/199     3.94G     0.143         0     0.117      0.26         0       608         0         0         0         0         0         0         0
     5/199     3.94G     0.139         0     0.116     0.255         5       608         0         0         0         0         0         0         0
     6/199     3.94G     0.123         0     0.109     0.231         1       608         0         0         0         0         0         0         0
     7/199     3.94G     0.115         0      0.11     0.226         5       608         0         0         0         0         0         0         0
     8/199     3.94G     0.115         0     0.116      0.23         6       608         0         0         0         0         0         0         0
     9/199     3.94G     0.129         0     0.109     0.238         6       608         0         0         0         0         0         0         0
    10/199     3.94G     0.114         0     0.112     0.226         1       608     0.247     0.843     0.512     0.382         0         0         0
    11/199     3.94G      0.11         0     0.105     0.214         2       608     0.265     0.829     0.498     0.402         0         0         0
    12/199     3.94G      0.11         0     0.106     0.216         7       608     0.299     0.829     0.499      0.44         0         0         0
    13/199     3.94G     0.104         0     0.105      0.21         8       608     0.285     0.839     0.527     0.426         0         0         0
    14/199     3.94G    0.0995         0     0.111      0.21         8       608     0.281     0.829     0.505      0.42         0         0         0
    15/199     3.94G     0.113         0     0.107      0.22         7       608     0.295     0.843     0.528     0.437         0         0         0
    16/199     3.94G    0.0996         0       0.1       0.2        12       608     0.301     0.843     0.527     0.444         0         0         0
    17/199     3.94G    0.0969         0     0.102     0.199         2       608     0.314     0.848     0.556     0.458         0         0         0
    18/199     3.94G     0.102         0      0.11     0.212         7       608     0.298     0.853     0.517     0.442         0         0         0
    19/199     3.94G     0.102         0     0.107     0.209         7       608     0.304     0.857     0.541     0.449         0         0         0
    20/199     3.94G    0.0968         0    0.0989     0.196         7       608     0.358     0.839     0.563     0.502         0         0         0
    21/199     3.94G    0.0915         0     0.094     0.186         1       608     0.339     0.848     0.552     0.484         0         0         0
    22/199     3.94G    0.0902         0      0.11     0.201         2       608     0.328     0.866     0.539     0.475         0         0         0
    23/199     3.94G    0.0887         0    0.0943     0.183         2       608     0.341     0.848     0.562     0.487         0         0         0
    24/199     3.94G    0.0811         0    0.0964     0.177         3       608     0.331     0.829      0.53     0.474         0         0         0
    25/199     3.94G    0.0904         0    0.0999      0.19         0       608     0.352     0.825     0.541     0.493         0         0         0
    26/199     3.94G    0.0881         0    0.0932     0.181         3       608     0.321     0.816     0.503     0.461         0         0         0
    27/199     3.94G    0.0828         0       0.1     0.183        13       608     0.344      0.82     0.509     0.484         0         0         0
    28/199     3.94G    0.0885         0     0.114     0.202         1       608     0.366     0.816     0.521     0.506         0         0         0
    29/199     3.94G    0.0835         0    0.0878     0.171         0       608     0.308     0.834     0.523      0.45         0         0         0
    30/199     3.94G    0.0871         0    0.0941     0.181         2       608     0.334     0.839     0.561     0.478         0         0         0
    31/199     3.94G    0.0822         0    0.0971     0.179         7       608      0.34     0.816     0.524      0.48         0         0         0
    32/199     3.94G    0.0862         0      0.11     0.196         1       608     0.304     0.843     0.506     0.447         0         0         0
    33/199     3.94G    0.0761         0    0.0953     0.171         3       608     0.353     0.811     0.502     0.492         0         0         0
    34/199     3.94G    0.0785         0    0.0888     0.167         4       608      0.35     0.829     0.515     0.492         0         0         0
    35/199     3.94G    0.0773         0    0.0943     0.172         4       608     0.323     0.848     0.532     0.468         0         0         0
    36/199     3.94G    0.0821         0     0.104     0.186         4       608     0.308     0.843     0.508     0.451         0         0         0
    37/199     3.94G    0.0843         0     0.103     0.187         2       608     0.323     0.829     0.513     0.465         0         0         0
    38/199     3.94G    0.0748         0    0.0918     0.167         0       608     0.331      0.82     0.527     0.472         0         0         0
    39/199     3.94G    0.0944         0     0.105       0.2        16       608     0.379     0.816     0.544     0.518         0         0         0
    40/199     3.94G    0.0798         0    0.0932     0.173         0       608     0.323     0.825     0.516     0.464         0         0         0
    41/199     3.94G    0.0729         0    0.0916     0.165         3       608     0.328     0.825     0.513     0.469         0         0         0
    42/199     3.94G     0.078         0    0.0886     0.167         2       608     0.315     0.825     0.474     0.456         0         0         0
    43/199     3.94G    0.0853         0    0.0942     0.179         4       608     0.338     0.829     0.493     0.481         0         0         0
    44/199     3.94G    0.0749         0    0.0928     0.168         2       608      0.35     0.829     0.512     0.492         0         0         0
    45/199     3.94G    0.0831         0    0.0895     0.173         4       608     0.326     0.825     0.509     0.467         0         0         0
    46/199     3.94G    0.0749         0    0.0871     0.162         2       608     0.326     0.806      0.52     0.464         0         0         0
    47/199     3.94G    0.0813         0    0.0983      0.18         6       608     0.331     0.839     0.515     0.475         0         0         0
    48/199     3.94G    0.0786         0    0.0899     0.169         4       608     0.348     0.848     0.533     0.493         0         0         0
    49/199     3.94G    0.0697         0    0.0835     0.153         1       608     0.349     0.802     0.513     0.486         0         0         0
    50/199     3.94G    0.0768         0    0.0891     0.166         7       608     0.321     0.788     0.497     0.457         0         0         0
    51/199     3.94G    0.0801         0    0.0966     0.177         3       608     0.327     0.816     0.492     0.466         0         0         0
    52/199     3.94G    0.0835         0    0.0949     0.178         5       608     0.315     0.829     0.515     0.456         0         0         0
    53/199     3.94G    0.0759         0    0.0944      0.17         3       608     0.375     0.829     0.557     0.516         0         0         0
    54/199     3.94G    0.0728         0     0.094     0.167         2       608     0.347     0.834     0.568     0.491         0         0         0
    55/199     3.94G    0.0753         0    0.0913     0.167         1       608     0.303     0.848     0.511     0.447         0         0         0
    56/199     3.94G     0.073         0    0.0914     0.164         2       608     0.327     0.825     0.513     0.469         0         0         0
    57/199     3.94G    0.0825         0    0.0913     0.174         2       608     0.327      0.82     0.502     0.467         0         0         0
    58/199     3.94G    0.0776         0    0.0956     0.173         2       608     0.374     0.788       0.5     0.507         0         0         0
    59/199     3.94G    0.0696         0    0.0836     0.153         5       608      0.39     0.797     0.551     0.523         0         0         0
    60/199     3.94G     0.081         0    0.0943     0.175        11       608     0.365     0.788     0.577     0.499         0         0         0
    61/199     3.94G    0.0689         0    0.0839     0.153         5       608     0.335     0.829     0.555     0.477         0         0         0
    62/199     3.94G    0.0701         0    0.0883     0.158         2       608     0.355     0.825     0.575     0.497         0         0         0
    63/199     3.94G    0.0726         0    0.0811     0.154         6       608     0.364     0.816     0.568     0.504         0         0         0
    64/199     3.94G    0.0772         0    0.0892     0.166         2       608     0.368     0.806     0.571     0.506         0         0         0
    65/199     3.94G     0.067         0     0.086     0.153        11       608     0.377     0.802     0.589     0.513         0         0         0
    66/199     3.94G    0.0676         0     0.083     0.151         3       608     0.378      0.82     0.566     0.517         0         0         0
    67/199     3.94G    0.0706         0    0.0858     0.156         5       608     0.337     0.834     0.573      0.48         0         0         0
    68/199     3.94G    0.0761         0    0.0818     0.158         1       608     0.327     0.825     0.544     0.469         0         0         0
    69/199     3.94G     0.083         0    0.0878     0.171         3       608     0.317     0.839     0.537      0.46         0         0         0
    70/199     3.94G    0.0642         0    0.0719     0.136         2       608     0.368     0.825      0.57     0.509         0         0         0
    71/199     3.94G     0.068         0    0.0852     0.153         2       608     0.368     0.825     0.558     0.509         0         0         0
    72/199     3.94G    0.0662         0    0.0794     0.146         3       608     0.363     0.816     0.538     0.503         0         0         0
    73/199     3.94G    0.0672         0    0.0858     0.153         1       608     0.366     0.839     0.556      0.51         0         0         0
    74/199     3.94G    0.0664         0    0.0883     0.155         1       608     0.374     0.839     0.552     0.517         0         0         0
    75/199     3.94G    0.0734         0    0.0883     0.162         4       608     0.325     0.816     0.523     0.465         0         0         0
    76/199     3.94G    0.0602         0      0.08      0.14         2       608     0.331     0.825     0.528     0.473         0         0         0
    77/199     3.94G    0.0629         0    0.0843     0.147         3       608     0.349     0.834     0.565     0.493         0         0         0
    78/199     3.94G    0.0666         0    0.0821     0.149         2       608      0.37     0.839      0.59     0.513         0         0         0
    79/199     3.94G    0.0657         0    0.0844      0.15         4       608     0.343     0.853     0.579     0.489         0         0         0
    80/199     3.94G    0.0656         0    0.0775     0.143         2       608     0.363     0.834     0.572     0.506         0         0         0
    81/199     3.94G    0.0745         0    0.0801     0.155         3       608     0.386     0.802     0.568     0.521         0         0         0
    82/199     3.94G    0.0625         0     0.079     0.142         3       608     0.363     0.834     0.578     0.506         0         0         0
    83/199     3.94G    0.0665         0     0.088     0.154         7       608     0.368     0.834     0.584     0.511         0         0         0
    84/199     3.94G    0.0636         0    0.0735     0.137         4       608      0.38     0.825     0.576      0.52         0         0         0
    85/199     3.94G    0.0591         0    0.0684     0.128         5       608     0.386     0.839     0.526     0.529         0         0         0
    86/199     3.94G     0.067         0    0.0789     0.146         4       608     0.353     0.829     0.535     0.495         0         0         0
    87/199     3.94G    0.0651         0     0.073     0.138         1       608     0.363     0.829     0.572     0.505         0         0         0
    88/199     3.94G    0.0624         0    0.0814     0.144         0       608     0.345     0.829     0.571     0.487         0         0         0
    89/199     3.94G    0.0697         0    0.0781     0.148         9       608     0.379     0.834     0.586     0.522         0         0         0
    90/199     3.94G    0.0601         0    0.0732     0.133         3       608     0.376     0.843     0.594      0.52         0         0         0
    91/199     3.94G    0.0579         0    0.0736     0.132        14       608     0.382     0.839     0.575     0.524         0         0         0
    92/199     3.94G    0.0566         0    0.0673     0.124         2       608     0.407     0.839     0.598     0.548         0         0         0
    93/199     3.94G    0.0659         0    0.0862     0.152         4       608     0.398     0.825     0.589     0.537         0         0         0
    94/199     3.94G     0.059         0    0.0722     0.131         3       608     0.379     0.834     0.581     0.521         0         0         0
    95/199     3.94G    0.0641         0    0.0804     0.145         0       608     0.384     0.839     0.597     0.527         0         0         0
    96/199     3.94G    0.0722         0    0.0877      0.16         1       608     0.391     0.834     0.612     0.532         0         0         0
    97/199     3.94G    0.0641         0    0.0846     0.149        11       608     0.387     0.834     0.575     0.528         0         0         0
    98/199     3.94G    0.0687         0    0.0855     0.154         7       608     0.395      0.82     0.553     0.533         0         0         0
    99/199     3.94G    0.0588         0    0.0726     0.131         1       608     0.409      0.82     0.564     0.546         0         0         0
   100/199     3.94G    0.0604         0    0.0756     0.136         5       608     0.394     0.829     0.585     0.534         0         0         0
   101/199     3.94G    0.0619         0    0.0697     0.132         7       608     0.381     0.834     0.585     0.523         0         0         0
   102/199     3.94G    0.0602         0    0.0678     0.128         2       608     0.393      0.82     0.591     0.531         0         0         0
   103/199     3.94G    0.0677         0    0.0802     0.148         7       608      0.38     0.816     0.585     0.518         0         0         0
   104/199     3.94G     0.058         0    0.0791     0.137         1       608     0.366     0.829     0.564     0.508         0         0         0
   105/199     3.94G     0.062         0    0.0751     0.137         2       608     0.378      0.82     0.585     0.517         0         0         0
   106/199     3.94G    0.0569         0    0.0669     0.124         0       608     0.386     0.829     0.586     0.527         0         0         0
   107/199     3.94G    0.0656         0    0.0747      0.14         1       608     0.362     0.825     0.559     0.504         0         0         0
   108/199     3.94G    0.0665         0    0.0733      0.14         3       608      0.34     0.829     0.539     0.483         0         0         0
   109/199     3.94G     0.061         0    0.0728     0.134         1       608     0.343     0.829     0.533     0.485         0         0         0
   110/199     3.94G    0.0514         0    0.0629     0.114         1       608     0.392     0.816     0.571     0.529         0         0         0
   111/199     3.94G    0.0623         0    0.0767     0.139         8       608     0.404     0.811     0.583     0.539         0         0         0
   112/199     3.94G    0.0577         0    0.0687     0.126         4       608     0.406     0.788     0.584     0.536         0         0         0
   113/199     3.94G    0.0603         0    0.0735     0.134        12       608     0.398     0.806     0.589     0.533         0         0         0
   114/199     3.94G    0.0662         0    0.0726     0.139         1       608     0.368     0.843     0.545     0.513         0         0         0
   115/199     3.94G    0.0518         0     0.068      0.12         5       608     0.346     0.853     0.529     0.493         0         0         0
   116/199     3.94G    0.0548         0    0.0691     0.124         0       608     0.358     0.834     0.565     0.501         0         0         0
   117/199     3.94G    0.0577         0    0.0783     0.136         3       608     0.371     0.816     0.551      0.51         0         0         0
   118/199     3.94G    0.0603         0    0.0734     0.134         4       608     0.365     0.816     0.546     0.504         0         0         0
   119/199     3.94G    0.0558         0     0.072     0.128         9       608     0.377     0.839     0.565      0.52         0         0         0
   120/199     3.94G    0.0592         0    0.0715     0.131         2       608     0.389     0.829     0.588     0.529         0         0         0
   121/199     3.94G    0.0563         0    0.0747     0.131         2       608     0.377     0.834     0.585     0.519         0         0         0
   122/199     3.94G    0.0546         0    0.0704     0.125         2       608     0.372     0.829     0.569     0.514         0         0         0
   123/199     3.94G    0.0524         0    0.0655     0.118         3       608     0.383     0.825     0.564     0.523         0         0         0
   124/199     3.94G    0.0574         0    0.0669     0.124         2       608     0.376     0.806     0.542     0.513         0         0         0
   125/199     3.94G    0.0569         0    0.0671     0.124         7       608     0.408     0.793     0.555     0.538         0         0         0
   126/199     3.94G    0.0562         0    0.0721     0.128         8       608     0.415     0.802     0.551     0.547         0         0         0
   127/199     3.94G    0.0573         0    0.0746     0.132         4       608     0.399     0.783     0.541     0.529         0         0         0
   128/199     3.94G    0.0612         0    0.0687      0.13         8       608     0.405     0.802     0.561     0.538         0         0         0
   129/199     3.94G    0.0634         0     0.083     0.146         4       608     0.376      0.82     0.547     0.516         0         0         0
   130/199     3.94G    0.0573         0    0.0703     0.128         4       608     0.352      0.82     0.533     0.492         0         0         0
   131/199     3.94G    0.0564         0    0.0824     0.139         2       608     0.376     0.825     0.565     0.517         0         0         0
   132/199     3.94G    0.0594         0    0.0742     0.134         3       608     0.416      0.82     0.608     0.552         0         0         0
   133/199     3.94G    0.0542         0    0.0616     0.116         3       608     0.392     0.825     0.593     0.531         0         0         0
   134/199     3.94G    0.0569         0    0.0743     0.131         0       608     0.386     0.816     0.575     0.524         0         0         0
   135/199     3.94G    0.0541         0    0.0651     0.119         2       608     0.381     0.829     0.558     0.522         0         0         0
   136/199     3.94G    0.0594         0    0.0684     0.128         0       608     0.384     0.811     0.563     0.521         0         0         0
   137/199     3.94G    0.0591         0    0.0721     0.131         2       608     0.393     0.825     0.569     0.532         0         0         0
   138/199     3.94G    0.0574         0    0.0641     0.122        14       608     0.388     0.816     0.585     0.526         0         0         0
   139/199     3.94G     0.049         0    0.0644     0.113         3       608     0.399      0.82     0.586     0.537         0         0         0
   140/199     3.94G    0.0509         0    0.0708     0.122        21       608     0.392     0.811      0.58     0.529         0         0         0
   141/199     3.94G    0.0624         0    0.0696     0.132         2       608     0.395     0.825     0.596     0.534         0         0         0
   142/199     3.94G    0.0548         0    0.0726     0.127         2       608     0.404     0.829     0.591     0.544         0         0         0
   143/199     3.94G    0.0536         0    0.0654     0.119         2       608     0.404     0.816     0.579      0.54         0         0         0
   144/199     3.94G    0.0511         0     0.066     0.117         0       608     0.413     0.816     0.596     0.548         0         0         0
   145/199     3.94G    0.0454         0    0.0608     0.106         2       608      0.42     0.816     0.601     0.555         0         0         0
   146/199     3.94G    0.0528         0    0.0599     0.113         1       608     0.426     0.806     0.589     0.557         0         0         0
   147/199     3.94G    0.0484         0    0.0625     0.111         4       608     0.403     0.816     0.583      0.54         0         0         0
   148/199     3.94G    0.0549         0    0.0633     0.118         8       608     0.397     0.811     0.575     0.533         0         0         0
   149/199     3.94G    0.0578         0    0.0754     0.133         1       608     0.405     0.816     0.576     0.541         0         0         0
   150/199     3.94G    0.0549         0    0.0687     0.124         8       608     0.418     0.806     0.582      0.55         0         0         0
   151/199     3.94G    0.0539         0    0.0674     0.121         5       608     0.407     0.811     0.574     0.542         0         0         0
   152/199     3.94G    0.0515         0    0.0583      0.11         3       608      0.43     0.829     0.602     0.566         0         0         0
   153/199     3.94G    0.0581         0    0.0621      0.12         7       608     0.418     0.825     0.598     0.555         0         0         0
   154/199     3.94G    0.0458         0    0.0587     0.105         2       608     0.417      0.82      0.58     0.553         0         0         0
   155/199     3.94G    0.0585         0    0.0685     0.127         5       608     0.415     0.816      0.57      0.55         0         0         0
   156/199     3.94G    0.0536         0    0.0654     0.119        13       608     0.416     0.825     0.588     0.553         0         0         0
   157/199     3.94G    0.0521         0    0.0555     0.108         6       608     0.408     0.825     0.574     0.546         0         0         0
   158/199     3.94G    0.0523         0    0.0646     0.117         4       608     0.404     0.816     0.578      0.54         0         0         0
   159/199     3.94G     0.051         0    0.0636     0.115         3       608     0.425     0.825     0.582     0.561         0         0         0
   160/199     3.94G    0.0498         0    0.0665     0.116         4       608     0.414      0.82      0.59      0.55         0         0         0
   161/199     3.94G    0.0547         0    0.0714     0.126        12       608     0.415     0.811     0.584     0.549         0         0         0
   162/199     3.94G    0.0484         0    0.0639     0.112         1       608     0.433     0.825     0.602     0.568         0         0         0
   163/199     3.94G    0.0574         0    0.0665     0.124        21       608     0.433      0.82     0.601     0.567         0         0         0
   164/199     3.94G    0.0534         0    0.0597     0.113         2       608     0.435      0.82     0.594     0.569         0         0         0
   165/199     3.94G    0.0529         0    0.0645     0.117         3       608     0.422     0.816     0.583     0.557         0         0         0
   166/199     3.94G    0.0521         0    0.0633     0.115         2       608     0.426     0.825     0.588     0.562         0         0         0
   167/199     3.94G    0.0549         0    0.0587     0.114         3       608     0.428     0.834     0.589     0.566         0         0         0
   168/199     3.94G    0.0586         0    0.0581     0.117        10       608     0.418     0.825     0.589     0.555         0         0         0
   169/199     3.94G    0.0528         0    0.0706     0.123         6       608     0.415     0.829     0.586     0.553         0         0         0
   170/199     3.94G     0.049         0    0.0603     0.109         8       608     0.413     0.816     0.575     0.548         0         0         0
   171/199     3.94G    0.0517         0    0.0586      0.11         4       608     0.414     0.834     0.596     0.554         0         0         0
   172/199     3.94G    0.0555         0    0.0647      0.12         3       608     0.411     0.834     0.594     0.551         0         0         0
   173/199     3.94G    0.0525         0    0.0586     0.111         6       608     0.398     0.834     0.591     0.539         0         0         0
   174/199     3.94G    0.0509         0    0.0611     0.112         0       608     0.403     0.829     0.592     0.542         0         0         0
   175/199     3.94G    0.0569         0    0.0704     0.127        13       608     0.413     0.834     0.595     0.553         0         0         0
   176/199     3.94G    0.0536         0    0.0636     0.117         5       608     0.417     0.829     0.592     0.555         0         0         0
   177/199     3.94G    0.0487         0    0.0653     0.114         3       608     0.407     0.829     0.582     0.546         0         0         0
   178/199     3.94G     0.048         0    0.0603     0.108         1       608     0.418     0.825     0.584     0.555         0         0         0
   179/199     3.94G    0.0611         0    0.0647     0.126         8       608     0.419     0.829     0.602     0.556         0         0         0
   180/199     3.94G    0.0517         0    0.0621     0.114         2       608     0.393     0.829     0.587     0.533         0         0         0
   181/199     3.94G     0.049         0    0.0629     0.112         3       608     0.412      0.82     0.593     0.549         0         0         0
   182/199     3.94G    0.0604         0    0.0647     0.125         8       608     0.419     0.825     0.602     0.556         0         0         0
   183/199     3.94G    0.0501         0    0.0539     0.104         4       608     0.404     0.829     0.585     0.544         0         0         0
   184/199     3.94G     0.056         0    0.0691     0.125         3       608     0.416     0.834     0.598     0.555         0         0         0
   185/199     3.94G    0.0478         0    0.0571     0.105         3       608     0.419     0.829     0.592     0.556         0         0         0
   186/199     3.94G    0.0521         0    0.0605     0.113         5       608     0.418      0.82     0.586     0.554         0         0         0
   187/199     3.94G    0.0457         0    0.0546       0.1         4       608     0.419      0.82     0.581     0.555         0         0         0
   188/199     3.94G     0.055         0    0.0659     0.121         3       608     0.425     0.834     0.598     0.563         0         0         0
   189/199     3.94G    0.0519         0    0.0544     0.106         4       608     0.426     0.834     0.595     0.564         0         0         0
   190/199     3.94G    0.0564         0    0.0626     0.119         4       608     0.417     0.825     0.597     0.554         0         0         0
   191/199     3.94G    0.0575         0    0.0666     0.124         8       608     0.419     0.825     0.589     0.556         0         0         0
   192/199     3.94G    0.0491         0    0.0621     0.111         8       608     0.418     0.829     0.592     0.556         0         0         0
   193/199     3.94G    0.0559         0     0.063     0.119         3       608     0.418     0.829      0.58     0.556         0         0         0
   194/199     3.94G      0.06         0     0.067     0.127         5       608     0.409     0.825     0.586     0.547         0         0         0
   195/199     3.94G    0.0453         0     0.059     0.104         0       608      0.42     0.829     0.587     0.557         0         0         0
   196/199     3.94G    0.0473         0    0.0539     0.101         5       608     0.409     0.829     0.588     0.548         0         0         0
   197/199     3.94G    0.0489         0    0.0609      0.11         7       608     0.417     0.829     0.593     0.555         0         0         0
   198/199     3.94G    0.0595         0    0.0638     0.123         9       608     0.436     0.829     0.597     0.571         0         0         0
   199/199     3.94G    0.0572         0    0.0777     0.135         4       608    0.0294     0.931     0.602    0.0569         0         0         0
