     0/199     3.94G     0.059         0    0.0995     0.159         3       608         0         0         0         0         0         0         0
     1/199     3.94G    0.0619         0     0.103     0.165         2       608         0         0         0         0         0         0         0
     2/199     3.94G    0.0585         0    0.0991     0.158         0       608         0         0         0         0         0         0         0
     3/199     3.94G    0.0605         0    0.0995      0.16        12       608         0         0         0         0         0         0         0
     4/199     3.94G    0.0582         0    0.0959     0.154         0       608         0         0         0         0         0         0         0
     5/199     3.94G    0.0594         0    0.0941     0.154         5       608         0         0         0         0         0         0         0
     6/199     3.94G    0.0556         0    0.0919     0.147         1       608         0         0         0         0         0         0         0
     7/199     3.94G    0.0531         0    0.0912     0.144         5       608         0         0         0         0         0         0         0
     8/199     3.94G    0.0536         0    0.0961      0.15         6       608         0         0         0         0         0         0         0
     9/199     3.94G    0.0609         0    0.0907     0.152         6       608         0         0         0         0         0         0         0
    10/199     3.94G    0.0538         0    0.0977     0.152         1       608      0.34     0.857     0.557     0.487         0         0         0
    11/199     3.94G    0.0541         0    0.0933     0.147         2       608     0.309     0.829      0.53     0.451         0         0         0
    12/199     3.94G    0.0536         0    0.0935     0.147         7       608     0.342     0.811     0.505     0.482         0         0         0
    13/199     3.94G    0.0521         0     0.092     0.144         8       608     0.375     0.829     0.554     0.516         0         0         0
    14/199     3.94G    0.0487         0    0.0987     0.147         8       608     0.361     0.829     0.532     0.503         0         0         0
    15/199     3.94G    0.0562         0    0.0883     0.145         7       608     0.331     0.811     0.492     0.471         0         0         0
    16/199     3.94G    0.0517         0    0.0897     0.141        12       608     0.367     0.811     0.527     0.505         0         0         0
    17/199     3.94G    0.0479         0     0.084     0.132         2       608     0.412     0.793     0.531     0.543         0         0         0
    18/199     3.94G    0.0503         0    0.0922     0.142         7       608     0.431     0.829     0.575     0.567         0         0         0
    19/199     3.94G    0.0509         0     0.091     0.142         7       608     0.441     0.829     0.584     0.576         0         0         0
    20/199     3.94G    0.0494         0    0.0807      0.13         7       608     0.409     0.839     0.588      0.55         0         0         0
    21/199     3.94G    0.0473         0    0.0812     0.129         1       608     0.393     0.853     0.573     0.538         0         0         0
    22/199     3.94G    0.0465         0    0.0953     0.142         2       608     0.419      0.82     0.563     0.555         0         0         0
    23/199     3.94G    0.0461         0     0.079     0.125         2       608     0.424     0.829     0.567     0.561         0         0         0
    24/199     3.94G    0.0421         0    0.0835     0.126         3       608       0.4     0.843     0.566     0.543         0         0         0
    25/199     3.94G    0.0476         0    0.0854     0.133         0       608     0.397     0.839     0.581     0.539         0         0         0
    26/199     3.94G    0.0462         0    0.0822     0.128         3       608     0.402     0.843      0.57     0.545         0         0         0
    27/199     3.94G    0.0454         0    0.0864     0.132        13       608     0.409     0.848     0.576     0.552         0         0         0
    28/199     3.94G    0.0486         0     0.098     0.147         1       608     0.403     0.829     0.575     0.542         0         0         0
    29/199     3.94G    0.0439         0    0.0749     0.119         0       608     0.365     0.825     0.526     0.506         0         0         0
    30/199     3.94G    0.0464         0    0.0818     0.128         2       608     0.397     0.788     0.549     0.528         0         0         0
    31/199     3.94G    0.0434         0    0.0811     0.124         7       608     0.418     0.806     0.565      0.55         0         0         0
    32/199     3.94G    0.0461         0    0.0938      0.14         1       608     0.406     0.788     0.521     0.536         0         0         0
    33/199     3.94G    0.0416         0    0.0853     0.127         3       608     0.407     0.802     0.528      0.54         0         0         0
    34/199     3.94G     0.042         0    0.0778      0.12         4       608     0.387     0.793     0.532      0.52         0         0         0
    35/199     3.94G    0.0424         0    0.0825     0.125         4       608      0.38     0.806     0.524     0.517         0         0         0
    36/199     3.94G    0.0445         0    0.0915     0.136         4       608     0.355     0.806      0.51     0.493         0         0         0
    37/199     3.94G    0.0454         0    0.0923     0.138         2       608      0.36     0.774     0.485     0.491         0         0         0
    38/199     3.94G    0.0425         0    0.0777      0.12         0       608      0.38     0.816     0.527     0.518         0         0         0
    39/199     3.94G    0.0513         0    0.0907     0.142        16       608     0.416     0.793     0.566     0.546         0         0         0
    40/199     3.94G    0.0443         0    0.0835     0.128         0       608     0.387     0.793     0.553      0.52         0         0         0
    41/199     3.94G    0.0389         0    0.0805     0.119         3       608     0.395     0.806     0.555      0.53         0         0         0
    42/199     3.94G    0.0432         0    0.0786     0.122         2       608     0.384     0.797     0.538     0.518         0         0         0
    43/199     3.94G    0.0452         0    0.0831     0.128         4       608     0.383     0.802     0.531     0.519         0         0         0
    44/199     3.94G    0.0415         0    0.0814     0.123         2       608     0.408     0.811      0.54     0.543         0         0         0
    45/199     3.94G    0.0437         0    0.0774     0.121         4       608      0.43     0.806      0.55     0.561         0         0         0
    46/199     3.94G    0.0396         0    0.0782     0.118         2       608     0.427     0.829     0.563     0.563         0         0         0
    47/199     3.94G    0.0432         0    0.0871      0.13         6       608     0.393     0.806     0.556     0.529         0         0         0
    48/199     3.94G    0.0423         0    0.0811     0.123         4       608     0.395     0.834     0.536     0.536         0         0         0
    49/199     3.94G    0.0377         0    0.0705     0.108         1       608     0.409     0.806     0.565     0.543         0         0         0
    50/199     3.94G    0.0413         0    0.0791      0.12         7       608     0.428     0.779     0.558     0.552         0         0         0
    51/199     3.94G    0.0424         0    0.0845     0.127         3       608     0.442     0.793     0.557     0.568         0         0         0
    52/199     3.94G    0.0447         0    0.0836     0.128         5       608     0.401     0.806     0.556     0.536         0         0         0
    53/199     3.94G    0.0423         0    0.0847     0.127         3       608     0.425     0.816     0.557     0.559         0         0         0
    54/199     3.94G    0.0392         0    0.0884     0.128         2       608     0.432     0.793     0.573     0.559         0         0         0
    55/199     3.94G    0.0411         0    0.0807     0.122         1       608     0.411     0.802     0.566     0.544         0         0         0
    56/199     3.94G    0.0414         0      0.08     0.121         2       608     0.385     0.816     0.563     0.523         0         0         0
    57/199     3.94G    0.0435         0    0.0828     0.126         2       608      0.36     0.825     0.543     0.501         0         0         0
    58/199     3.94G    0.0406         0    0.0839     0.125         2       608      0.42     0.825     0.546     0.557         0         0         0
    59/199     3.94G    0.0383         0    0.0758     0.114         5       608     0.446     0.797     0.556     0.572         0         0         0
    60/199     3.94G    0.0461         0    0.0884     0.134        11       608     0.428     0.802     0.567     0.558         0         0         0
    61/199     3.94G    0.0401         0    0.0766     0.117         5       608     0.354     0.829     0.559     0.497         0         0         0
    62/199     3.94G      0.04         0    0.0758     0.116         2       608     0.371     0.853     0.567     0.517         0         0         0
    63/199     3.94G    0.0412         0    0.0757     0.117         6       608     0.402     0.829     0.557     0.541         0         0         0
    64/199     3.94G    0.0438         0    0.0764      0.12         2       608     0.405     0.834      0.56     0.545         0         0         0
    65/199     3.94G    0.0389         0    0.0786     0.117        11       608     0.417     0.829     0.584     0.555         0         0         0
    66/199     3.94G    0.0374         0     0.078     0.115         3       608     0.425     0.829     0.568     0.562         0         0         0
    67/199     3.94G     0.041         0    0.0828     0.124         5       608     0.425     0.825     0.585     0.561         0         0         0
    68/199     3.94G    0.0414         0     0.076     0.117         1       608     0.411     0.811     0.554     0.546         0         0         0
    69/199     3.94G    0.0406         0    0.0751     0.116         3       608     0.421     0.829     0.573     0.558         0         0         0
    70/199     3.94G    0.0346         0    0.0657       0.1         2       608     0.448     0.816     0.573     0.578         0         0         0
    71/199     3.94G    0.0378         0    0.0778     0.116         2       608     0.445     0.806      0.58     0.574         0         0         0
    72/199     3.94G    0.0364         0    0.0716     0.108         3       608     0.446     0.811     0.597     0.575         0         0         0
    73/199     3.94G    0.0373         0    0.0756     0.113         1       608     0.429     0.816      0.58     0.562         0         0         0
    74/199     3.94G    0.0386         0    0.0786     0.117         1       608     0.431     0.802     0.582      0.56         0         0         0
    75/199     3.94G    0.0402         0    0.0816     0.122         4       608     0.411     0.816     0.574     0.546         0         0         0
    76/199     3.94G    0.0362         0    0.0716     0.108         2       608       0.4     0.829     0.553      0.54         0         0         0
    77/199     3.94G    0.0379         0    0.0788     0.117         3       608     0.396      0.82     0.557     0.534         0         0         0
    78/199     3.94G    0.0371         0    0.0728      0.11         2       608     0.399     0.839     0.581     0.541         0         0         0
    79/199     3.94G    0.0379         0    0.0773     0.115         4       608     0.382     0.834      0.57     0.524         0         0         0
    80/199     3.94G    0.0388         0    0.0728     0.112         2       608     0.385      0.82     0.549     0.524         0         0         0
    81/199     3.94G    0.0427         0    0.0735     0.116         3       608     0.436      0.82     0.549      0.57         0         0         0
    82/199     3.94G    0.0384         0    0.0742     0.113         3       608      0.41     0.825     0.548     0.547         0         0         0
    83/199     3.94G    0.0399         0    0.0775     0.117         7       608     0.425     0.829     0.553     0.562         0         0         0
    84/199     3.94G    0.0363         0    0.0676     0.104         4       608     0.419     0.806     0.543     0.551         0         0         0
    85/199     3.94G    0.0334         0    0.0633    0.0967         5       608     0.436     0.811     0.577     0.567         0         0         0
    86/199     3.94G    0.0382         0    0.0721      0.11         4       608     0.429     0.811     0.546     0.561         0         0         0
    87/199     3.94G    0.0375         0    0.0708     0.108         1       608     0.421     0.829     0.565     0.558         0         0         0
    88/199     3.94G    0.0364         0    0.0722     0.109         0       608     0.411     0.825     0.545     0.549         0         0         0
    89/199     3.94G    0.0398         0    0.0714     0.111         9       608     0.426     0.811     0.552     0.559         0         0         0
    90/199     3.94G     0.036         0    0.0686     0.105         3       608     0.426     0.811     0.586     0.559         0         0         0
    91/199     3.94G    0.0344         0    0.0677     0.102        14       608     0.396     0.806      0.56     0.531         0         0         0
    92/199     3.94G    0.0343         0    0.0639    0.0982         2       608      0.41     0.816     0.573     0.545         0         0         0
    93/199     3.94G    0.0359         0    0.0774     0.113         4       608     0.399     0.802     0.549     0.533         0         0         0
    94/199     3.94G    0.0327         0    0.0653    0.0979         3       608     0.389     0.816     0.564     0.527         0         0         0
    95/199     3.94G    0.0368         0    0.0716     0.108         0       608     0.393     0.839     0.572     0.535         0         0         0
    96/199     3.94G    0.0408         0    0.0766     0.117         1       608     0.412     0.829     0.564      0.55         0         0         0
    97/199     3.94G    0.0369         0     0.079     0.116        11       608     0.433     0.802     0.567     0.562         0         0         0
    98/199     3.94G    0.0395         0    0.0778     0.117         7       608     0.444     0.811     0.576     0.574         0         0         0
    99/199     3.94G     0.034         0    0.0664       0.1         1       608     0.443     0.816     0.582     0.574         0         0         0
   100/199     3.94G    0.0358         0    0.0698     0.106         5       608     0.434     0.816     0.573     0.566         0         0         0
   101/199     3.94G    0.0351         0    0.0645    0.0996         7       608     0.437     0.816     0.575     0.569         0         0         0
   102/199     3.94G    0.0354         0    0.0617    0.0971         2       608     0.462     0.802     0.578     0.586         0         0         0
   103/199     3.94G    0.0398         0    0.0736     0.113         7       608     0.442     0.802     0.571      0.57         0         0         0
   104/199     3.94G    0.0343         0    0.0725     0.107         1       608     0.424     0.816     0.553     0.558         0         0         0
   105/199     3.94G    0.0361         0    0.0663     0.102         2       608     0.446     0.816     0.552     0.577         0         0         0
   106/199     3.94G    0.0337         0    0.0647    0.0984         0       608     0.452      0.82     0.559     0.583         0         0         0
   107/199     3.94G    0.0364         0    0.0665     0.103         1       608     0.442      0.82     0.571     0.574         0         0         0
   108/199     3.94G    0.0374         0    0.0693     0.107         3       608     0.441     0.811     0.559     0.571         0         0         0
   109/199     3.94G    0.0353         0    0.0673     0.103         1       608     0.409      0.82     0.541     0.546         0         0         0
   110/199     3.94G    0.0308         0    0.0551    0.0859         1       608     0.421      0.82     0.558     0.556         0         0         0
   111/199     3.94G     0.038         0    0.0701     0.108         8       608     0.431     0.806     0.571     0.562         0         0         0
   112/199     3.94G    0.0336         0    0.0634    0.0969         4       608     0.458     0.811     0.609     0.586         0         0         0
   113/199     3.94G    0.0359         0    0.0671     0.103        12       608     0.463     0.806     0.573     0.588         0         0         0
   114/199     3.94G    0.0396         0    0.0658     0.105         1       608      0.44     0.811     0.577     0.571         0         0         0
   115/199     3.94G     0.032         0    0.0638    0.0958         5       608     0.418      0.82     0.559     0.554         0         0         0
   116/199     3.94G    0.0325         0    0.0623    0.0948         0       608     0.421     0.834     0.582      0.56         0         0         0
   117/199     3.94G    0.0349         0    0.0682     0.103         3       608     0.419     0.829     0.578     0.556         0         0         0
   118/199     3.94G    0.0366         0    0.0682     0.105         4       608     0.428     0.829      0.59     0.564         0         0         0
   119/199     3.94G    0.0329         0    0.0641     0.097         9       608     0.426      0.82     0.569     0.561         0         0         0
   120/199     3.94G    0.0353         0    0.0673     0.103         2       608     0.437     0.816     0.573     0.569         0         0         0
   121/199     3.94G    0.0348         0    0.0669     0.102         2       608     0.422      0.82     0.554     0.557         0         0         0
   122/199     3.94G    0.0325         0    0.0628    0.0953         2       608      0.41     0.825     0.546     0.547         0         0         0
   123/199     3.94G    0.0322         0    0.0589    0.0911         3       608     0.424      0.82     0.551     0.559         0         0         0
   124/199     3.94G    0.0337         0    0.0616    0.0953         2       608     0.424     0.811     0.563     0.557         0         0         0
   125/199     3.94G     0.035         0    0.0642    0.0992         7       608     0.445     0.802     0.586     0.572         0         0         0
   126/199     3.94G    0.0356         0    0.0662     0.102         8       608     0.436     0.802     0.577     0.565         0         0         0
   127/199     3.94G    0.0365         0    0.0634       0.1         4       608     0.432     0.811     0.578     0.564         0         0         0
   128/199     3.94G    0.0363         0    0.0615    0.0978         8       608     0.432     0.802     0.562     0.561         0         0         0
   129/199     3.94G    0.0365         0    0.0759     0.112         4       608     0.438     0.806      0.57     0.567         0         0         0
   130/199     3.94G    0.0355         0    0.0671     0.103         4       608     0.442     0.811     0.594     0.572         0         0         0
   131/199     3.94G    0.0339         0    0.0761      0.11         2       608     0.478     0.816     0.607     0.603         0         0         0
   132/199     3.94G    0.0334         0    0.0656     0.099         3       608     0.483     0.797     0.606     0.602         0         0         0
   133/199     3.94G    0.0334         0    0.0586     0.092         3       608     0.455     0.802     0.602     0.581         0         0         0
   134/199     3.94G     0.033         0    0.0674       0.1         0       608     0.466      0.82     0.593     0.594         0         0         0
   135/199     3.94G    0.0332         0    0.0596    0.0927         2       608     0.444     0.797     0.586      0.57         0         0         0
   136/199     3.94G    0.0339         0    0.0653    0.0992         0       608     0.458     0.806      0.59     0.584         0         0         0
   137/199     3.94G    0.0343         0    0.0636    0.0979         2       608     0.464     0.811     0.584     0.591         0         0         0
   138/199     3.94G    0.0348         0    0.0632     0.098        14       608     0.474     0.802     0.591     0.596         0         0         0
   139/199     3.94G    0.0298         0    0.0606    0.0904         3       608     0.471     0.811      0.61     0.596         0         0         0
   140/199     3.94G    0.0297         0     0.064    0.0937        21       608     0.477     0.816     0.618     0.602         0         0         0
   141/199     3.94G    0.0343         0    0.0645    0.0987         2       608      0.46     0.816     0.618     0.588         0         0         0
   142/199     3.94G    0.0322         0    0.0658     0.098         2       608     0.447     0.816     0.612     0.577         0         0         0
   143/199     3.94G    0.0315         0    0.0606    0.0921         2       608     0.466     0.816     0.593     0.593         0         0         0
   144/199     3.94G    0.0311         0    0.0618    0.0929         0       608     0.454     0.816     0.609     0.583         0         0         0
   145/199     3.94G    0.0269         0    0.0544    0.0814         2       608     0.468     0.806     0.604     0.592         0         0         0
   146/199     3.94G    0.0304         0    0.0549    0.0853         1       608     0.467     0.806      0.61     0.591         0         0         0
   147/199     3.94G    0.0288         0    0.0589    0.0877         4       608     0.445     0.802     0.591     0.572         0         0         0
   148/199     3.94G    0.0337         0    0.0577    0.0914         8       608     0.443     0.811     0.586     0.573         0         0         0
   149/199     3.94G    0.0342         0    0.0698     0.104         1       608     0.448     0.802     0.582     0.575         0         0         0
   150/199     3.94G    0.0323         0    0.0634    0.0957         8       608     0.455     0.788     0.567     0.577         0         0         0
   151/199     3.94G    0.0307         0    0.0552    0.0859         3       608     0.453     0.802     0.581     0.579         0         0         0
   152/199     3.94G    0.0313         0    0.0571    0.0884         3       608     0.458     0.806     0.596     0.584         0         0         0
