     0/199     3.94G    0.0473         0     0.103      0.15         3       608         0         0         0         0         0         0         0
     1/199     3.94G    0.0468         0       0.1     0.147         2       608         0         0         0         0         0         0         0
     2/199     3.94G    0.0412         0    0.0942     0.135         0       608         0         0         0         0         0         0         0
     3/199     3.94G    0.0378         0     0.101     0.139        12       608         0         0         0         0         0         0         0
     4/199     3.94G    0.0354         0    0.0943      0.13         0       608         0         0         0         0         0         0         0
     5/199     3.94G     0.036         0    0.0953     0.131         5       608         0         0         0         0         0         0         0
     6/199     3.94G    0.0341         0    0.0975     0.132         1       608         0         0         0         0         0         0         0
     7/199     3.94G    0.0334         0    0.0977     0.131         5       608         0         0         0         0         0         0         0
     8/199     3.94G    0.0343         0    0.0942     0.128         6       608         0         0         0         0         0         0         0
     9/199     3.94G    0.0361         0    0.0948     0.131         6       608         0         0         0         0         0         0         0
    10/199     3.94G    0.0338         0    0.0979     0.132         1       608     0.367     0.797     0.575     0.503         0         0         0
    11/199     3.94G    0.0341         0    0.0921     0.126         2       608     0.358     0.811     0.552     0.497         0         0         0
    12/199     3.94G    0.0333         0    0.0955     0.129         7       608     0.395     0.774     0.562     0.523         0         0         0
    13/199     3.94G    0.0325         0    0.0869     0.119         8       608     0.379      0.76     0.534     0.506         0         0         0
    14/199     3.94G    0.0295         0    0.0943     0.124         8       608     0.365     0.788     0.547     0.499         0         0         0
    15/199     3.94G    0.0343         0    0.0916     0.126         7       608     0.357     0.802     0.551     0.494         0         0         0
    16/199     3.94G    0.0326         0    0.0909     0.124        12       608     0.378     0.774     0.536     0.508         0         0         0
    17/199     3.94G    0.0319         0    0.0893     0.121         2       608     0.396     0.765     0.543     0.522         0         0         0
    18/199     3.94G    0.0317         0    0.0917     0.123         7       608     0.405      0.77     0.524     0.531         0         0         0
    19/199     3.94G    0.0318         0    0.0919     0.124         7       608     0.421     0.747     0.524     0.538         0         0         0
    20/199     3.94G    0.0308         0    0.0915     0.122         7       608     0.433     0.756     0.538      0.55         0         0         0
    21/199     3.94G    0.0309         0    0.0816     0.113         1       608     0.403     0.788      0.56     0.534         0         0         0
    22/199     3.94G     0.031         0    0.0918     0.123         2       608     0.395      0.77     0.554     0.522         0         0         0
    23/199     3.94G    0.0306         0    0.0831     0.114         2       608     0.393     0.793     0.572     0.525         0         0         0
    24/199     3.94G    0.0296         0     0.088     0.118         3       608     0.408     0.797      0.58      0.54         0         0         0
    25/199     3.94G     0.031         0     0.086     0.117         0       608     0.446     0.829      0.59      0.58         0         0         0
    26/199     3.94G    0.0306         0    0.0863     0.117         3       608      0.42     0.802     0.544     0.552         0         0         0
    27/199     3.94G    0.0299         0    0.0854     0.115        13       608     0.396     0.783     0.536     0.526         0         0         0
    28/199     3.94G     0.031         0    0.0898     0.121         1       608     0.396     0.802     0.569      0.53         0         0         0
    29/199     3.94G    0.0296         0    0.0733     0.103         0       608      0.38     0.806     0.585     0.516         0         0         0
    30/199     3.94G    0.0308         0      0.08     0.111         2       608     0.387     0.806     0.571     0.523         0         0         0
    31/199     3.94G    0.0293         0    0.0886     0.118         7       608     0.415     0.793     0.553     0.545         0         0         0
    32/199     3.94G    0.0303         0    0.0993      0.13         1       608     0.433     0.783     0.551     0.557         0         0         0
    33/199     3.94G    0.0285         0    0.0828     0.111         3       608     0.438     0.783     0.557     0.562         0         0         0
    34/199     3.94G    0.0286         0    0.0801     0.109         4       608     0.405      0.76     0.534     0.529         0         0         0
    35/199     3.94G    0.0286         0     0.082     0.111         4       608     0.435     0.751     0.547     0.551         0         0         0
    36/199     3.94G    0.0295         0    0.0903      0.12         4       608     0.424     0.747     0.554     0.541         0         0         0
    37/199     3.94G    0.0292         0    0.0923     0.121         2       608     0.438     0.765     0.561     0.557         0         0         0
    38/199     3.94G    0.0278         0     0.073     0.101         0       608     0.433     0.788     0.576     0.559         0         0         0
    39/199     3.94G    0.0326         0    0.0925     0.125        16       608     0.448     0.737     0.557     0.557         0         0         0
    40/199     3.94G    0.0281         0    0.0895     0.118         0       608     0.411     0.765      0.54     0.535         0         0         0
    41/199     3.94G    0.0274         0    0.0806     0.108         3       608     0.387     0.788     0.565     0.519         0         0         0
    42/199     3.94G    0.0287         0     0.078     0.107         2       608     0.368     0.797     0.568     0.504         0         0         0
    43/199     3.94G    0.0297         0    0.0927     0.122         4       608      0.41     0.783     0.575     0.538         0         0         0
    44/199     3.94G    0.0278         0    0.0823      0.11         2       608     0.442     0.751     0.552     0.556         0         0         0
    45/199     3.94G    0.0293         0    0.0783     0.108         4       608     0.426     0.756     0.528     0.545         0         0         0
    46/199     3.94G    0.0281         0    0.0824      0.11         2       608     0.415     0.793     0.584     0.545         0         0         0
    47/199     3.94G    0.0283         0     0.087     0.115         6       608     0.405     0.797     0.587     0.537         0         0         0
    48/199     3.94G    0.0289         0    0.0817     0.111         4       608     0.407     0.774     0.565     0.533         0         0         0
    49/199     3.94G    0.0266         0     0.074     0.101         1       608     0.444     0.719     0.499     0.549         0         0         0
    50/199     3.94G    0.0282         0    0.0831     0.111         7       608     0.485     0.682      0.51     0.567         0         0         0
    51/199     3.94G      0.03         0    0.0869     0.117         3       608     0.478     0.705     0.523      0.57         0         0         0
    52/199     3.94G    0.0294         0     0.085     0.114         5       608      0.44      0.71     0.506     0.543         0         0         0
    53/199     3.94G    0.0294         0    0.0764     0.106         3       608     0.419     0.751     0.538     0.538         0         0         0
    54/199     3.94G    0.0275         0    0.0813     0.109         2       608     0.422     0.728     0.531     0.535         0         0         0
    55/199     3.94G    0.0276         0    0.0822      0.11         1       608     0.446     0.719     0.546      0.55         0         0         0
    56/199     3.94G    0.0276         0    0.0774     0.105         2       608     0.458     0.737     0.552     0.565         0         0         0
    57/199     3.94G    0.0269         0    0.0787     0.106         2       608     0.419     0.756     0.555     0.539         0         0         0
    58/199     3.94G    0.0277         0    0.0879     0.116         2       608     0.408     0.774     0.582     0.534         0         0         0
    59/199     3.94G     0.027         0    0.0792     0.106         5       608     0.426     0.774     0.597      0.55         0         0         0
    60/199     3.94G    0.0305         0    0.0866     0.117        11       608     0.439     0.765     0.581     0.558         0         0         0
    61/199     3.94G    0.0276         0     0.078     0.106         5       608     0.416      0.77      0.55      0.54         0         0         0
    62/199     3.94G     0.028         0    0.0726     0.101         2       608     0.429     0.793     0.578     0.557         0         0         0
    63/199     3.94G    0.0287         0    0.0746     0.103         6       608      0.43     0.774     0.554     0.553         0         0         0
    64/199     3.94G    0.0273         0     0.079     0.106         2       608     0.462     0.737     0.561     0.568         0         0         0
    65/199     3.94G    0.0267         0    0.0772     0.104        11       608     0.502     0.733     0.557     0.596         0         0         0
    66/199     3.94G    0.0264         0    0.0714    0.0978         3       608      0.48      0.71     0.541     0.572         0         0         0
    67/199     3.94G    0.0281         0    0.0766     0.105         5       608       0.5     0.714     0.547     0.588         0         0         0
    68/199     3.94G    0.0268         0    0.0717    0.0985         1       608     0.484     0.756     0.565      0.59         0         0         0
    69/199     3.94G    0.0273         0    0.0768     0.104         3       608     0.439     0.779     0.562     0.561         0         0         0
    70/199     3.94G    0.0247         0    0.0624    0.0871         2       608     0.453     0.756     0.544     0.566         0         0         0
    71/199     3.94G    0.0257         0    0.0791     0.105         2       608     0.477     0.733     0.531     0.578         0         0         0
    72/199     3.94G    0.0259         0    0.0725    0.0984         3       608     0.498     0.737     0.527     0.595         0         0         0
    73/199     3.94G    0.0264         0    0.0747     0.101         1       608       0.5     0.779     0.571     0.609         0         0         0
    74/199     3.94G    0.0258         0    0.0758     0.102         1       608     0.498     0.751     0.561     0.599         0         0         0
    75/199     3.94G    0.0279         0    0.0744     0.102         4       608     0.491     0.765     0.563     0.598         0         0         0
    76/199     3.94G     0.025         0    0.0704    0.0955         2       608     0.481      0.76     0.573     0.589         0         0         0
    77/199     3.94G    0.0255         0    0.0775     0.103         3       608     0.474     0.742     0.572     0.578         0         0         0
    78/199     3.94G    0.0255         0    0.0687    0.0942         2       608     0.493      0.76     0.591     0.598         0         0         0
    79/199     3.94G     0.025         0     0.075       0.1         4       608     0.484     0.747     0.579     0.587         0         0         0
    80/199     3.94G    0.0262         0    0.0669    0.0931         2       608      0.45      0.77     0.583     0.568         0         0         0
    81/199     3.94G    0.0276         0    0.0716    0.0992         3       608     0.467      0.76     0.582     0.579         0         0         0
    82/199     3.94G    0.0256         0    0.0646    0.0902         3       608     0.457      0.76     0.566     0.571         0         0         0
    83/199     3.94G    0.0264         0    0.0737       0.1         7       608     0.472     0.751     0.565      0.58         0         0         0
    84/199     3.94G    0.0254         0     0.064    0.0894         4       608     0.491     0.765     0.577     0.598         0         0         0
    85/199     3.94G    0.0244         0    0.0604    0.0848         5       608     0.509      0.77     0.581     0.613         0         0         0
    86/199     3.94G    0.0261         0    0.0694    0.0954         4       608     0.489     0.751     0.562     0.593         0         0         0
    87/199     3.94G    0.0255         0    0.0634    0.0889         1       608     0.496     0.765     0.569     0.601         0         0         0
    88/199     3.94G    0.0248         0    0.0677    0.0925         0       608     0.482     0.788     0.584     0.598         0         0         0
    89/199     3.94G    0.0274         0    0.0612    0.0885         9       608     0.491      0.77     0.581       0.6         0         0         0
    90/199     3.94G    0.0251         0    0.0598    0.0849         3       608     0.491     0.793     0.591     0.607         0         0         0
    91/199     3.94G    0.0238         0    0.0641    0.0879        14       608     0.499     0.783     0.579     0.609         0         0         0
    92/199     3.94G    0.0248         0    0.0621     0.087         2       608      0.55     0.779     0.586     0.645         0         0         0
    93/199     3.94G    0.0249         0    0.0672    0.0921         4       608     0.508     0.733     0.555       0.6         0         0         0
    94/199     3.94G    0.0246         0    0.0567    0.0812         3       608     0.521     0.737     0.566     0.611         0         0         0
    95/199     3.94G    0.0254         0    0.0654    0.0908         0       608     0.516     0.737      0.56     0.607         0         0         0
    96/199     3.94G    0.0266         0    0.0751     0.102         1       608     0.509     0.747      0.57     0.606         0         0         0
    97/199     3.94G    0.0264         0     0.075     0.101        11       608     0.497     0.728     0.565     0.591         0         0         0
    98/199     3.94G    0.0276         0    0.0777     0.105         7       608      0.52     0.724     0.562     0.605         0         0         0
    99/199     3.94G    0.0236         0    0.0636    0.0872         1       608     0.513     0.719     0.543     0.599         0         0         0
   100/199     3.94G    0.0257         0    0.0683     0.094         5       608     0.527     0.728     0.558     0.611         0         0         0
   101/199     3.94G    0.0248         0    0.0596    0.0843         7       608     0.531      0.71     0.554     0.607         0         0         0
   102/199     3.94G    0.0248         0    0.0599    0.0847         2       608     0.551     0.719     0.568     0.624         0         0         0
   103/199     3.94G    0.0271         0    0.0743     0.101         7       608     0.536     0.728     0.587     0.617         0         0         0
   104/199     3.94G    0.0245         0    0.0705     0.095         1       608     0.489     0.747     0.597     0.591         0         0         0
   105/199     3.94G    0.0245         0    0.0664    0.0909         2       608     0.503     0.747     0.602     0.601         0         0         0
   106/199     3.94G    0.0239         0    0.0596    0.0834         0       608     0.506      0.76     0.602     0.608         0         0         0
   107/199     3.94G    0.0254         0    0.0619    0.0873         1       608     0.524      0.76     0.611      0.62         0         0         0
   108/199     3.94G    0.0248         0    0.0671    0.0919         3       608     0.533     0.737     0.605     0.619         0         0         0
   109/199     3.94G    0.0244         0    0.0614    0.0858         1       608     0.513     0.747     0.589     0.608         0         0         0
   110/199     3.94G    0.0229         0    0.0542    0.0771         1       608     0.516     0.756     0.582     0.613         0         0         0
   111/199     3.94G    0.0251         0    0.0632    0.0883         8       608     0.524     0.747     0.575     0.616         0         0         0
   112/199     3.94G    0.0235         0    0.0552    0.0787         4       608     0.524     0.747     0.587     0.616         0         0         0
   113/199     3.94G    0.0245         0    0.0637    0.0883        12       608     0.529     0.765     0.599     0.625         0         0         0
   114/199     3.94G    0.0253         0    0.0627     0.088         1       608     0.544     0.793     0.617     0.645         0         0         0
   115/199     3.94G    0.0225         0    0.0579    0.0804         5       608     0.512     0.802     0.622     0.625         0         0         0
   116/199     3.94G    0.0226         0    0.0572    0.0799         0       608     0.523     0.793     0.609      0.63         0         0         0
   117/199     3.94G    0.0254         0    0.0643    0.0897         3       608     0.512     0.774     0.591     0.617         0         0         0
   118/199     3.94G    0.0253         0    0.0654    0.0907         4       608     0.543     0.783     0.612     0.642         0         0         0
   119/199     3.94G    0.0235         0    0.0598    0.0833         9       608     0.514      0.77     0.594     0.616         0         0         0
   120/199     3.94G    0.0251         0    0.0641    0.0892         2       608     0.519     0.756     0.587     0.615         0         0         0
   121/199     3.94G    0.0237         0    0.0658    0.0894         2       608     0.509     0.765      0.58     0.611         0         0         0
   122/199     3.94G    0.0231         0    0.0626    0.0857         2       608     0.515      0.77     0.584     0.617         0         0         0
   123/199     3.94G    0.0234         0    0.0569    0.0803         3       608     0.525     0.765     0.593     0.623         0         0         0
   124/199     3.94G     0.023         0    0.0559    0.0789         2       608     0.532     0.765     0.605     0.628         0         0         0
   125/199     3.94G    0.0243         0    0.0603    0.0846         7       608     0.539     0.765     0.603     0.632         0         0         0
   126/199     3.94G    0.0239         0    0.0585    0.0824         8       608      0.53     0.779     0.593     0.631         0         0         0
   127/199     3.94G    0.0249         0    0.0589    0.0838         4       608     0.493      0.76     0.591     0.598         0         0         0
   128/199     3.94G    0.0251         0    0.0566    0.0817         8       608     0.522      0.76      0.59     0.619         0         0         0
   129/199     3.94G    0.0247         0    0.0673     0.092         4       608     0.515      0.77     0.601     0.617         0         0         0
   130/199     3.94G    0.0248         0    0.0657    0.0904         4       608     0.503     0.751     0.594     0.603         0         0         0
   131/199     3.94G    0.0241         0     0.072    0.0961         2       608     0.524      0.76      0.61      0.62         0         0         0
   132/199     3.94G    0.0237         0     0.063    0.0867         3       608     0.545     0.751     0.613     0.632         0         0         0
   133/199     3.94G    0.0229         0    0.0544    0.0773         3       608     0.527     0.756     0.611     0.621         0         0         0
   134/199     3.94G    0.0237         0    0.0655    0.0892         0       608     0.538     0.779     0.621     0.637         0         0         0
   135/199     3.94G    0.0229         0    0.0567    0.0797         2       608     0.519     0.774     0.615     0.621         0         0         0
   136/199     3.94G     0.024         0    0.0611    0.0851         0       608     0.514      0.76     0.608     0.613         0         0         0
   137/199     3.94G    0.0244         0    0.0605    0.0849         2       608     0.497     0.751     0.607     0.598         0         0         0
   138/199     3.94G     0.023         0     0.054     0.077        14       608     0.503     0.742     0.605       0.6         0         0         0
   139/199     3.94G     0.022         0    0.0567    0.0787         3       608     0.536     0.751     0.598     0.626         0         0         0
   140/199     3.94G    0.0221         0    0.0616    0.0837        21       608     0.547     0.756     0.614     0.634         0         0         0
   141/199     3.94G    0.0245         0     0.062    0.0865         2       608     0.539     0.737     0.602     0.623         0         0         0
   142/199     3.94G    0.0229         0    0.0592    0.0822         2       608     0.527     0.774     0.622     0.627         0         0         0
   143/199     3.94G    0.0223         0     0.055    0.0773         2       608     0.526     0.747      0.58     0.617         0         0         0
   144/199     3.94G    0.0232         0    0.0543    0.0775         0       608     0.525      0.76       0.6     0.621         0         0         0
   145/199     3.94G    0.0205         0    0.0532    0.0737         2       608     0.532     0.756     0.606     0.625         0         0         0
   146/199     3.94G    0.0225         0    0.0532    0.0757         1       608     0.531     0.747      0.61     0.621         0         0         0
   147/199     3.94G    0.0217         0    0.0539    0.0756         4       608     0.527     0.765     0.611     0.624         0         0         0
   148/199     3.94G    0.0247         0    0.0521    0.0769         8       608     0.534      0.76     0.612     0.627         0         0         0
   149/199     3.94G    0.0238         0    0.0618    0.0856         1       608     0.525     0.765     0.618     0.623         0         0         0
   150/199     3.94G    0.0233         0    0.0578    0.0811         8       608     0.534     0.765     0.619     0.629         0         0         0
   151/199     3.94G    0.0235         0    0.0609    0.0844         5       608     0.545      0.76     0.611     0.635         0         0         0
   152/199     3.94G    0.0242         0    0.0549    0.0791         3       608     0.552     0.756     0.599     0.638         0         0         0
   153/199     3.94G    0.0245         0    0.0494    0.0739         7       608     0.546     0.765     0.599     0.637         0         0         0
   154/199     3.94G    0.0218         0      0.05    0.0718         2       608     0.546      0.77     0.614     0.639         0         0         0
   155/199     3.94G    0.0249         0    0.0581     0.083         5       608     0.548     0.765     0.608     0.638         0         0         0
   156/199     3.94G    0.0247         0     0.052    0.0767        13       608     0.563     0.765     0.621     0.648         0         0         0
   157/199     3.94G    0.0231         0    0.0462    0.0693         6       608     0.546      0.76     0.598     0.636         0         0         0
   158/199     3.94G    0.0223         0    0.0563    0.0786         4       608      0.54     0.774     0.621     0.636         0         0         0
   159/199     3.94G    0.0221         0    0.0569    0.0791         3       608     0.562     0.751     0.615     0.643         0         0         0
   160/199     3.94G    0.0228         0    0.0581    0.0809         4       608     0.562     0.756     0.615     0.644         0         0         0
   161/199     3.94G    0.0239         0    0.0608    0.0847        12       608     0.554      0.76     0.619     0.641         0         0         0
   162/199     3.94G    0.0219         0    0.0544    0.0763         1       608     0.559     0.747     0.608     0.639         0         0         0
   163/199     3.94G    0.0232         0    0.0561    0.0793        21       608     0.568     0.751     0.612     0.647         0         0         0
   164/199     3.94G    0.0232         0    0.0537     0.077         2       608     0.564     0.751     0.608     0.644         0         0         0
   165/199     3.94G    0.0219         0     0.051    0.0729         3       608     0.567     0.756     0.614     0.648         0         0         0
   166/199     3.94G     0.023         0    0.0543    0.0773         2       608     0.562     0.747     0.607     0.642         0         0         0
   167/199     3.94G    0.0227         0    0.0505    0.0732         3       608     0.566     0.747     0.614     0.644         0         0         0
   168/199     3.94G    0.0242         0    0.0499    0.0741        10       608     0.564     0.751     0.609     0.644         0         0         0
   169/199     3.94G    0.0224         0    0.0568    0.0792         6       608     0.577     0.756     0.614     0.655         0         0         0
   170/199     3.94G    0.0222         0    0.0489     0.071         8       608     0.551     0.751     0.599     0.635         0         0         0
   171/199     3.94G    0.0222         0    0.0516    0.0738         4       608     0.576     0.751     0.618     0.652         0         0         0
   172/199     3.94G    0.0231         0    0.0516    0.0747         3       608     0.565      0.76     0.625     0.648         0         0         0
   173/199     3.94G    0.0223         0    0.0531    0.0754         6       608     0.566     0.756     0.613     0.647         0         0         0
   174/199     3.94G    0.0217         0    0.0509    0.0726         0       608      0.57     0.747     0.613     0.647         0         0         0
   175/199     3.94G    0.0233         0    0.0582    0.0815        13       608     0.564     0.747     0.614     0.643         0         0         0
   176/199     3.94G    0.0228         0    0.0551    0.0779         5       608     0.569     0.756     0.616      0.65         0         0         0
   177/199     3.94G    0.0218         0    0.0566    0.0785         3       608      0.56      0.77     0.624     0.649         0         0         0
   178/199     3.94G    0.0211         0    0.0529     0.074         1       608     0.552     0.756     0.614     0.638         0         0         0
   179/199     3.94G    0.0251         0    0.0556    0.0807         8       608     0.554     0.751      0.61     0.638         0         0         0
   180/199     3.94G    0.0225         0    0.0503    0.0728         2       608     0.552     0.779     0.625     0.646         0         0         0
   181/199     3.94G    0.0222         0    0.0515    0.0737         3       608     0.556     0.756     0.617     0.641         0         0         0
   182/199     3.94G    0.0252         0    0.0523    0.0775         8       608     0.549     0.751      0.61     0.634         0         0         0
   183/199     3.94G    0.0231         0     0.046     0.069         4       608     0.542      0.77     0.609     0.636         0         0         0
   184/199     3.94G    0.0237         0    0.0583    0.0821         3       608     0.548      0.76     0.617     0.637         0         0         0
   185/199     3.94G    0.0217         0    0.0467    0.0684         3       608     0.554     0.751     0.607     0.638         0         0         0
   186/199     3.94G    0.0219         0    0.0522    0.0741         5       608     0.554     0.751     0.616     0.638         0         0         0
   187/199     3.94G    0.0216         0    0.0461    0.0677         4       608     0.546      0.76     0.609     0.636         0         0         0
   188/199     3.94G    0.0236         0     0.053    0.0766         3       608     0.551     0.751     0.611     0.635         0         0         0
   189/199     3.94G    0.0222         0    0.0457    0.0679         4       608     0.558     0.751     0.599      0.64         0         0         0
   190/199     3.94G    0.0229         0    0.0516    0.0745         4       608     0.551     0.765     0.612     0.641         0         0         0
   191/199     3.94G    0.0252         0    0.0569    0.0821         8       608     0.549     0.751     0.607     0.634         0         0         0
   192/199     3.94G    0.0219         0    0.0524    0.0744         8       608     0.564     0.756     0.613     0.646         0         0         0
   193/199     3.94G    0.0229         0     0.054     0.077         3       608     0.561      0.76     0.615     0.646         0         0         0
   194/199     3.94G    0.0244         0     0.054    0.0784         5       608     0.557      0.76     0.618     0.643         0         0         0
   195/199     3.94G     0.021         0    0.0505    0.0715         0       608     0.547     0.756     0.607     0.634         0         0         0
   196/199     3.94G    0.0216         0    0.0471    0.0687         5       608      0.56     0.756     0.622     0.643         0         0         0
   197/199     3.94G    0.0218         0    0.0517    0.0735         7       608     0.567      0.76     0.621      0.65         0         0         0
   198/199     3.94G    0.0241         0    0.0551    0.0792         9       608     0.571      0.76     0.614     0.652         0         0         0
   199/199     3.94G    0.0242         0    0.0621    0.0863         4       608    0.0306      0.94     0.649    0.0592         0         0         0
