     0/999     5.82G       143         0      44.1       187         4       448         0         0         0         0         0         0         0
     1/999      4.5G      53.3         0      42.3      95.6         3       320  6.28e-05   0.00185  5.92e-07  0.000122         0         0         0
     2/999     4.52G      20.4         0      41.2      61.6        12       608         0         0         0         0         0         0         0
     3/999     4.47G      13.6         0      39.9      53.5         3       512         0         0         0         0         0         0         0
     4/599      4.5G      14.5         0      39.5        54         3       320         0         0         0         0         0         0         0
     5/599      4.5G      13.8         0      40.4      54.2         7       544         0         0         0         0         0         0         0
     6/599      4.5G      13.6         0      40.6      54.2        15       544         0         0         0         0         0         0         0
     7/599      4.5G      12.7         0      40.4        53        14       608         0         0         0         0         0         0         0
     8/599      4.5G      13.7         0      40.3      54.1         6       384         0         0         0         0         0         0         0
     9/599     4.52G      15.6         0      40.4      56.1         6       352         0         0         0         0         0         0         0
    10/599     4.52G      14.2         0      40.3      54.4        17       448  0.000141    0.0037  2.12e-06  0.000272         0         0         0
    11/599     4.52G      13.4         0      40.2      53.6        10       416  0.000141    0.0037  2.12e-06  0.000272         0         0         0
    12/599      4.5G      1.57         0      3.91      5.48         3       320         0         0         0         0         0         0         0
    13/599      4.5G      1.58         0      4.03      5.61         7       544         0         0         0         0         0         0         0
    14/599      4.5G      1.51         0      4.04      5.56        15       448         0         0         0         0         0         0         0
    15/599      4.5G      1.43         0      4.02      5.45        14       608         0         0         0         0         0         0         0
    16/599      4.5G       1.5         0      4.02      5.53         6       384         0         0         0         0         0         0         0
    17/599     4.52G      1.74         0      4.03      5.77         6       352         0         0         0         0         0         0         0
