     0/199     5.02G      1.16         0      20.7      21.9        12       576         0         0         0         0         0         0         0
     1/199     5.02G       1.1         0      18.9        20         5       544         0         0         0         0         0         0         0
     2/199     5.06G      1.23         0      15.6      16.8         8       352         0         0         0         0         0         0         0
     3/199     5.06G       1.1         0      9.57      10.7        13       480         0         0         0         0         0         0         0
     4/199     5.06G     0.858         0      5.66      6.52        25       576         0         0         0         0         0         0         0
     5/199     5.06G     0.798         0       3.1       3.9        13       352         0         0         0         0         0         0         0
     6/199     5.06G     0.838         0      2.08      2.92        10       448         0         0         0         0         0         0         0
     7/199     5.06G     0.614         0      1.43      2.05         6       576         0         0         0         0         0         0         0
     8/199     5.07G     0.684         0      1.02       1.7         8       352         0         0         0         0         0         0         0
     9/199     5.07G     0.608         0     0.844      1.45         7       576         0         0         0         0         0         0         0
    10/199     5.07G     0.527         0     0.685      1.21        17       576    0.0189     0.002  0.000399   0.00361     0.638         0      0.79
    11/199     5.07G     0.525         0     0.662      1.19         7       352    0.0189     0.002  0.000399   0.00361     0.638         0      0.79
    12/199     5.07G     0.672         0     0.662      1.33         5       320    0.0189     0.002  0.000399   0.00361     0.638         0      0.79
    13/199     5.64G      0.46         0     0.705      1.16         8       320    0.0189     0.002  0.000399   0.00361     0.638         0      0.79
    14/199     5.64G     0.599         0     0.614      1.21        18       416    0.0189     0.002  0.000399   0.00361     0.638         0      0.79
    15/199     5.64G     0.535         0     0.558      1.09         5       384    0.0189     0.002  0.000399   0.00361     0.638         0      0.79
    16/199     5.64G     0.516         0     0.505      1.02         7       544    0.0189     0.002  0.000399   0.00361     0.638         0      0.79
    17/199     5.64G     0.425         0     0.524     0.949        11       416    0.0189     0.002  0.000399   0.00361     0.638         0      0.79
    18/199     5.64G     0.558         0     0.525      1.08        11       320    0.0189     0.002  0.000399   0.00361     0.638         0      0.79
    19/199     5.64G     0.484         0     0.593      1.08         8       576    0.0189     0.002  0.000399   0.00361     0.638         0      0.79
    20/199     5.64G     0.351         0     0.545     0.897         6       512    0.0475     0.145    0.0123    0.0716     0.479         0     0.577
    21/199     5.64G     0.345         0     0.515      0.86        19       352    0.0475     0.145    0.0123    0.0716     0.479         0     0.577
    22/199     5.64G     0.446         0     0.506     0.951         9       448    0.0475     0.145    0.0123    0.0716     0.479         0     0.577
    23/199     5.64G     0.455         0     0.457     0.912        15       352    0.0475     0.145    0.0123    0.0716     0.479         0     0.577
    24/199     5.64G      0.43         0     0.477     0.907         9       352    0.0475     0.145    0.0123    0.0716     0.479         0     0.577
    25/199     5.64G     0.416         0     0.518     0.935         4       448    0.0475     0.145    0.0123    0.0716     0.479         0     0.577
    26/199     5.64G      0.34         0     0.468     0.808        10       512    0.0475     0.145    0.0123    0.0716     0.479         0     0.577
    27/199     5.64G     0.352         0     0.457     0.809         7       384    0.0475     0.145    0.0123    0.0716     0.479         0     0.577
    28/199     5.64G     0.477         0     0.505     0.983        11       320    0.0475     0.145    0.0123    0.0716     0.479         0     0.577
    29/199     5.64G     0.298         0     0.527     0.825        14       544    0.0475     0.145    0.0123    0.0716     0.479         0     0.577
    30/199     5.64G     0.386         0     0.524      0.91        13       320    0.0358     0.193   0.00918    0.0603     0.401         0     0.601
    31/199     5.64G     0.321         0     0.528      0.85        10       608    0.0358     0.193   0.00918    0.0603     0.401         0     0.601
    32/199     5.64G     0.398         0     0.469     0.867         7       512    0.0358     0.193   0.00918    0.0603     0.401         0     0.601
    33/199     5.64G     0.332         0     0.442     0.774        14       416    0.0358     0.193   0.00918    0.0603     0.401         0     0.601
    34/199     5.64G      0.33         0      0.43     0.761        24       480    0.0358     0.193   0.00918    0.0603     0.401         0     0.601
    35/199     5.64G     0.282         0     0.427     0.708        12       544    0.0358     0.193   0.00918    0.0603     0.401         0     0.601
    36/199     5.64G     0.232         0      0.42     0.651         6       608    0.0358     0.193   0.00918    0.0603     0.401         0     0.601
    37/199     5.64G     0.352         0     0.432     0.784        10       416    0.0358     0.193   0.00918    0.0603     0.401         0     0.601
    38/199     5.64G     0.384         0     0.418     0.803         8       320    0.0358     0.193   0.00918    0.0603     0.401         0     0.601
    39/199     5.72G     0.261         0     0.465     0.726        12       512         0         0         0         0         0         0         0
    40/199     5.75G     0.313         0     0.448     0.761         5       320     0.049     0.237    0.0212    0.0812      0.35         0     0.536
    41/199     5.75G     0.326         0     0.467     0.792         9       576     0.049     0.237    0.0212    0.0812      0.35         0     0.536
    42/199     5.75G     0.343         0     0.432     0.775        13       480     0.049     0.237    0.0212    0.0812      0.35         0     0.536
    43/199     5.75G      0.26         0     0.411     0.671         8       512     0.049     0.237    0.0212    0.0812      0.35         0     0.536
    44/199     5.75G     0.262         0     0.411     0.672        12       480     0.049     0.237    0.0212    0.0812      0.35         0     0.536
    45/199     5.75G     0.229         0     0.417     0.646         5       416     0.049     0.237    0.0212    0.0812      0.35         0     0.536
    46/199     5.75G     0.267         0     0.415     0.682         7       576     0.049     0.237    0.0212    0.0812      0.35         0     0.536
    47/199     5.75G     0.222         0     0.394     0.616         9       544     0.049     0.237    0.0212    0.0812      0.35         0     0.536
    48/199     5.75G     0.219         0     0.392     0.611         9       576     0.049     0.237    0.0212    0.0812      0.35         0     0.536
    49/199     5.75G      0.24         0     0.393     0.633        19       448     0.049     0.237    0.0212    0.0812      0.35         0     0.536
    50/199     5.75G     0.367         0     0.409     0.776         7       576     0.072     0.348    0.0452     0.119     0.338         0     0.403
    51/199     5.75G     0.283         0     0.432     0.716        12       320     0.072     0.348    0.0452     0.119     0.338         0     0.403
    52/199     5.76G     0.365         0      0.41     0.775         5       352     0.072     0.348    0.0452     0.119     0.338         0     0.403
    53/199     5.76G     0.278         0     0.419     0.697         8       320     0.072     0.348    0.0452     0.119     0.338         0     0.403
    54/199     5.76G      0.31         0     0.422     0.733         7       608     0.072     0.348    0.0452     0.119     0.338         0     0.403
    55/199     5.76G     0.218         0     0.389     0.607         6       544     0.072     0.348    0.0452     0.119     0.338         0     0.403
    56/199     5.76G     0.265         0     0.378     0.643        10       416     0.072     0.348    0.0452     0.119     0.338         0     0.403
    57/199     5.76G     0.265         0     0.371     0.637        11       480     0.072     0.348    0.0452     0.119     0.338         0     0.403
    58/199     5.76G     0.326         0     0.371     0.696         7       416     0.072     0.348    0.0452     0.119     0.338         0     0.403
    59/199     5.76G      0.25         0     0.388     0.637        11       608     0.072     0.348    0.0452     0.119     0.338         0     0.403
    60/199     5.76G     0.255         0      0.38     0.635        19       416    0.0879     0.343    0.0598      0.14     0.313         0     0.507
    61/199     5.76G     0.285         0     0.357     0.641        13       384    0.0879     0.343    0.0598      0.14     0.313         0     0.507
    62/199     5.76G     0.261         0     0.379      0.64         7       576    0.0879     0.343    0.0598      0.14     0.313         0     0.507
    63/199     5.76G     0.201         0     0.364     0.566        16       544    0.0879     0.343    0.0598      0.14     0.313         0     0.507
    64/199     5.76G     0.336         0     0.377     0.713         9       352    0.0879     0.343    0.0598      0.14     0.313         0     0.507
    65/199     5.76G     0.277         0     0.366     0.643        14       480    0.0879     0.343    0.0598      0.14     0.313         0     0.507
    66/199     5.76G       0.2         0     0.359     0.559        15       544    0.0879     0.343    0.0598      0.14     0.313         0     0.507
    67/199     5.76G     0.253         0     0.356     0.609        14       352    0.0879     0.343    0.0598      0.14     0.313         0     0.507
    68/199     5.76G      0.28         0     0.363     0.644        14       448    0.0879     0.343    0.0598      0.14     0.313         0     0.507
    69/199     5.76G     0.207         0     0.368     0.575        15       448    0.0879     0.343    0.0598      0.14     0.313         0     0.507
    70/199     5.76G     0.279         0     0.353     0.632        10       352     0.113     0.385     0.086     0.175       0.3         0     0.425
    71/199     5.72G     0.204         0     0.368     0.572        12       512         0         0         0         0         0         0         0
    72/199     5.75G     0.256         0      0.38     0.636         5       320         0         0         0         0         0         0         0
    73/199     5.75G       0.3         0     0.372     0.672         8       448         0         0         0         0         0         0         0
    74/199     5.75G     0.198         0     0.368     0.566        13       544         0         0         0         0         0         0         0
    75/199     5.75G     0.197         0     0.354     0.551        25       512         0         0         0         0         0         0         0
    76/199     5.75G     0.222         0     0.349     0.572        13       448         0         0         0         0         0         0         0
    77/199     5.75G     0.192         0     0.338      0.53        10       480         0         0         0         0         0         0         0
    78/199     5.75G     0.198         0     0.346     0.544         6       608         0         0         0         0         0         0         0
    79/199     5.75G     0.237         0     0.349     0.586         8       416         0         0         0         0         0         0         0
    80/199     5.75G     0.209         0     0.364     0.573         7       384     0.145     0.455     0.109      0.22     0.296         0     0.335
    81/199     5.75G     0.298         0     0.359     0.656        19       320     0.145     0.455     0.109      0.22     0.296         0     0.335
    82/199     5.75G     0.221         0     0.367     0.588         7       320     0.145     0.455     0.109      0.22     0.296         0     0.335
    83/199     5.76G      0.32         0     0.347     0.667         5       352     0.145     0.455     0.109      0.22     0.296         0     0.335
    84/199     5.76G     0.237         0     0.354     0.591         8       512     0.145     0.455     0.109      0.22     0.296         0     0.335
    85/199     5.76G     0.295         0     0.352     0.648        18       608     0.145     0.455     0.109      0.22     0.296         0     0.335
    86/199     5.76G     0.189         0     0.372     0.561         5       544     0.145     0.455     0.109      0.22     0.296         0     0.335
    87/199     5.76G     0.204         0     0.334     0.538         7       480     0.145     0.455     0.109      0.22     0.296         0     0.335
    88/199     5.76G     0.234         0      0.32     0.554        11       480     0.145     0.455     0.109      0.22     0.296         0     0.335
    89/199     5.76G     0.255         0     0.325      0.58        11       352     0.145     0.455     0.109      0.22     0.296         0     0.335
    90/199     5.76G     0.245         0     0.332     0.577         8       608     0.171     0.512     0.144     0.256     0.268         0     0.312
    91/199     5.76G     0.186         0     0.338     0.524        11       416     0.171     0.512     0.144     0.256     0.268         0     0.312
    92/199     5.76G     0.228         0     0.314     0.542        19       416     0.171     0.512     0.144     0.256     0.268         0     0.312
    93/199     5.76G     0.227         0     0.317     0.544         9       576     0.171     0.512     0.144     0.256     0.268         0     0.312
    94/199     5.76G     0.166         0      0.32     0.486        15       544     0.171     0.512     0.144     0.256     0.268         0     0.312
    95/199     5.76G      0.25         0     0.317     0.567         9       352     0.171     0.512     0.144     0.256     0.268         0     0.312
    96/199     5.76G     0.253         0     0.316     0.569         4       480     0.171     0.512     0.144     0.256     0.268         0     0.312
    97/199     5.76G     0.179         0     0.324     0.503        10       576     0.171     0.512     0.144     0.256     0.268         0     0.312
    98/199     5.76G     0.176         0     0.318     0.494         7       352     0.171     0.512     0.144     0.256     0.268         0     0.312
    99/199     5.76G     0.255         0     0.314     0.569        11       448     0.171     0.512     0.144     0.256     0.268         0     0.312
   100/199     5.76G     0.178         0     0.319     0.497        14       576     0.225     0.532     0.209     0.317      0.27         0     0.298
   101/199     5.76G     0.211         0     0.303     0.514        15       352     0.225     0.532     0.209     0.317      0.27         0     0.298
   102/199     5.76G     0.217         0     0.309     0.526        10       576     0.225     0.532     0.209     0.317      0.27         0     0.298
   103/199     5.72G     0.167         0     0.297     0.464        12       512     0.231     0.586     0.281     0.332     0.236         0     0.284
   104/199     5.72G     0.176         0     0.304      0.48         6       544     0.198     0.479     0.157      0.28     0.262         0     0.326
   105/199     5.72G      0.15         0     0.302     0.452        12       576     0.245     0.523     0.221     0.334     0.246         0     0.316
   106/199     5.73G     0.247         0     0.327     0.574        11       480     0.157      0.48     0.143     0.236     0.257         0     0.333
   107/199     5.73G     0.182         0     0.307     0.488        11       512     0.206     0.544     0.199     0.299     0.248         0     0.329
   108/199     5.73G     0.173         0     0.305     0.479         6       480     0.194     0.537     0.165     0.286     0.239         0     0.297
   109/199     5.72G      0.16         0      0.28      0.44        12       512         0         0         0         0         0         0         0
   110/199     5.75G     0.208         0     0.308     0.516         5       320     0.196     0.543     0.189     0.289     0.235         0     0.321
   111/199     5.75G     0.189         0     0.328     0.517         9       576     0.196     0.543     0.189     0.289     0.235         0     0.321
   112/199     5.75G     0.232         0     0.307     0.538        13       480     0.196     0.543     0.189     0.289     0.235         0     0.321
   113/199     5.75G     0.164         0     0.293     0.457         8       512     0.196     0.543     0.189     0.289     0.235         0     0.321
   114/199     5.75G     0.165         0     0.285      0.45        12       608     0.196     0.543     0.189     0.289     0.235         0     0.321
   115/199     5.75G     0.157         0     0.284     0.441         5       416     0.196     0.543     0.189     0.289     0.235         0     0.321
   116/199     5.75G     0.156         0     0.283     0.439         7       576     0.196     0.543     0.189     0.289     0.235         0     0.321
   117/199     5.75G      0.14         0     0.279     0.419         9       544     0.196     0.543     0.189     0.289     0.235         0     0.321
   118/199     5.75G     0.135         0     0.274     0.408         9       576     0.196     0.543     0.189     0.289     0.235         0     0.321
   119/199     5.75G     0.154         0     0.273     0.427        19       448     0.196     0.543     0.189     0.289     0.235         0     0.321
   120/199     5.75G     0.227         0     0.302     0.529         7       576     0.199     0.559     0.203     0.293     0.248         0     0.304
   121/199     5.75G     0.205         0     0.301     0.506        12       320     0.199     0.559     0.203     0.293     0.248         0     0.304
   122/199     5.75G      0.23         0     0.304     0.535         5       512     0.199     0.559     0.203     0.293     0.248         0     0.304
   123/199     5.75G     0.193         0      0.32     0.513         8       320     0.199     0.559     0.203     0.293     0.248         0     0.304
   124/199     5.75G     0.194         0     0.341     0.534         7       608     0.199     0.559     0.203     0.293     0.248         0     0.304
   125/199     5.75G     0.155         0       0.3     0.455         6       480     0.199     0.559     0.203     0.293     0.248         0     0.304
   126/199     5.75G     0.172         0     0.272     0.444        10       416     0.199     0.559     0.203     0.293     0.248         0     0.304
   127/199     5.75G     0.162         0     0.266     0.428        11       480     0.199     0.559     0.203     0.293     0.248         0     0.304
   128/199     5.75G     0.208         0     0.272      0.48         7       416     0.199     0.559     0.203     0.293     0.248         0     0.304
   129/199     5.75G     0.145         0     0.298     0.443        11       608     0.199     0.559     0.203     0.293     0.248         0     0.304
   130/199     5.75G     0.167         0     0.274     0.441        19       416     0.268     0.589     0.293     0.369     0.219         0     0.449
   131/199     5.75G     0.184         0     0.265     0.449        13       384     0.268     0.589     0.293     0.369     0.219         0     0.449
   132/199     5.75G     0.159         0     0.278     0.437         7       576     0.268     0.589     0.293     0.369     0.219         0     0.449
   133/199     5.76G     0.144         0     0.276      0.42        16       352     0.268     0.589     0.293     0.369     0.219         0     0.449
   134/199     5.76G     0.219         0     0.273     0.493         9       352     0.268     0.589     0.293     0.369     0.219         0     0.449
   135/199     5.76G     0.172         0      0.28     0.452        14       480     0.268     0.589     0.293     0.369     0.219         0     0.449
   136/199     5.76G     0.125         0     0.273     0.398        15       544     0.268     0.589     0.293     0.369     0.219         0     0.449
   137/199     5.76G     0.168         0     0.265     0.434        14       352     0.268     0.589     0.293     0.369     0.219         0     0.449
   138/199     5.76G     0.155         0     0.256     0.411        14       576     0.268     0.589     0.293     0.369     0.219         0     0.449
   139/199     5.76G     0.134         0     0.255      0.39        15       448     0.268     0.589     0.293     0.369     0.219         0     0.449
   140/199     5.76G      0.18         0     0.256     0.436        10       352     0.305     0.634     0.355     0.412     0.204         0     0.278
   141/199     5.76G      0.13         0     0.258     0.388        10       480     0.305     0.634     0.355     0.412     0.204         0     0.278
   142/199     5.76G     0.129         0     0.264     0.393        10       576     0.305     0.634     0.355     0.412     0.204         0     0.278
   143/199     5.76G     0.145         0     0.245      0.39         4       416     0.305     0.634     0.355     0.412     0.204         0     0.278
   144/199     5.76G     0.109         0      0.25     0.359        10       576     0.305     0.634     0.355     0.412     0.204         0     0.278
   145/199     5.76G     0.107         0     0.249     0.355        22       608     0.305     0.634     0.355     0.412     0.204         0     0.278
   146/199     5.76G     0.137         0     0.251     0.388        11       544     0.305     0.634     0.355     0.412     0.204         0     0.278
   147/199     5.76G     0.147         0     0.242      0.39        17       352     0.305     0.634     0.355     0.412     0.204         0     0.278
   148/199     5.76G     0.142         0      0.27     0.412        12       608     0.305     0.634     0.355     0.412     0.204         0     0.278
   149/199     5.76G     0.123         0     0.247      0.37         8       480     0.305     0.634     0.355     0.412     0.204         0     0.278
   150/199     5.76G     0.118         0     0.239     0.357        11       608     0.362     0.595     0.314      0.45     0.224         0      0.25
   151/199     5.76G     0.141         0     0.243     0.384        10       416     0.362     0.595     0.314      0.45     0.224         0      0.25
   152/199     5.76G     0.146         0     0.235     0.381        10       384     0.362     0.595     0.314      0.45     0.224         0      0.25
   153/199     5.76G     0.155         0     0.234      0.39        11       416     0.362     0.595     0.314      0.45     0.224         0      0.25
   154/199     5.76G     0.168         0     0.239     0.407        11       320     0.362     0.595     0.314      0.45     0.224         0      0.25
   155/199     5.76G     0.172         0     0.265     0.436        10       608     0.362     0.595     0.314      0.45     0.224         0      0.25
   156/199     5.76G     0.133         0      0.25     0.384        17       448     0.362     0.595     0.314      0.45     0.224         0      0.25
   157/199     5.76G     0.129         0     0.237     0.367        13       352     0.362     0.595     0.314      0.45     0.224         0      0.25
   158/199     5.76G     0.185         0     0.234     0.419        26       352     0.362     0.595     0.314      0.45     0.224         0      0.25
   159/199     5.76G     0.163         0     0.231     0.394         7       384     0.362     0.595     0.314      0.45     0.224         0      0.25
   160/199     5.76G     0.171         0     0.232     0.403        11       320     0.325     0.672     0.337     0.438      0.18         0     0.337
   161/199     5.76G     0.186         0     0.237     0.423        16       352     0.325     0.672     0.337     0.438      0.18         0     0.337
   162/199     5.76G     0.123         0     0.254     0.377         7       512     0.325     0.672     0.337     0.438      0.18         0     0.337
   163/199     5.76G     0.111         0     0.236     0.346        15       576     0.325     0.672     0.337     0.438      0.18         0     0.337
   164/199     5.76G     0.117         0     0.219     0.335         6       448     0.325     0.672     0.337     0.438      0.18         0     0.337
   165/199     5.76G     0.106         0      0.22     0.326        20       416     0.325     0.672     0.337     0.438      0.18         0     0.337
   166/199     5.76G     0.133         0     0.213     0.346         9       416     0.325     0.672     0.337     0.438      0.18         0     0.337
   167/199     5.76G     0.102         0     0.228      0.33        10       608     0.325     0.672     0.337     0.438      0.18         0     0.337
   168/199     5.76G     0.101         0     0.219      0.32        10       608     0.325     0.672     0.337     0.438      0.18         0     0.337
   169/199     5.76G     0.107         0     0.209     0.316         9       448     0.325     0.672     0.337     0.438      0.18         0     0.337
   170/199     5.76G    0.0987         0     0.216     0.315        10       544     0.452     0.689     0.486     0.546      0.17         0     0.216
   171/199     5.76G    0.0971         0      0.21     0.308        11       480     0.452     0.689     0.486     0.546      0.17         0     0.216
   172/199     5.76G     0.144         0     0.221     0.365        17       352     0.452     0.689     0.486     0.546      0.17         0     0.216
   173/199     5.76G     0.113         0      0.23     0.342         6       608     0.452     0.689     0.486     0.546      0.17         0     0.216
   174/199     5.76G     0.126         0     0.231     0.357        11       352     0.452     0.689     0.486     0.546      0.17         0     0.216
   175/199     5.76G      0.12         0     0.225     0.345         7       544     0.452     0.689     0.486     0.546      0.17         0     0.216
   176/199     5.76G    0.0959         0     0.226     0.322        12       480     0.452     0.689     0.486     0.546      0.17         0     0.216
   177/199     5.76G     0.117         0     0.206     0.323         8       416     0.452     0.689     0.486     0.546      0.17         0     0.216
   178/199     5.76G     0.131         0     0.209      0.34        11       320     0.452     0.689     0.486     0.546      0.17         0     0.216
   179/199     5.76G     0.158         0     0.216     0.374        16       448     0.452     0.689     0.486     0.546      0.17         0     0.216
   180/199     5.76G     0.141         0     0.204     0.346        10       352     0.363     0.724     0.472     0.484     0.165         0     0.223
   181/199     5.76G      0.13         0     0.208     0.338         9       480     0.363     0.724     0.472     0.484     0.165         0     0.223
   182/199     5.76G     0.117         0     0.215     0.332         5       384     0.363     0.724     0.472     0.484     0.165         0     0.223
   183/199     5.76G     0.121         0     0.209      0.33         6       480     0.363     0.724     0.472     0.484     0.165         0     0.223
   184/199     5.76G     0.131         0     0.212     0.342         8       320     0.363     0.724     0.472     0.484     0.165         0     0.223
   185/199     5.76G     0.167         0     0.213      0.38         7       352     0.363     0.724     0.472     0.484     0.165         0     0.223
   186/199     5.76G     0.138         0     0.204     0.342         3       416     0.363     0.724     0.472     0.484     0.165         0     0.223
   187/199     5.76G     0.146         0     0.199     0.345         6       320     0.363     0.724     0.472     0.484     0.165         0     0.223
   188/199     5.76G     0.125         0     0.216     0.341        12       608     0.363     0.724     0.472     0.484     0.165         0     0.223
   189/199     5.76G    0.0916         0     0.202     0.294        14       608     0.363     0.724     0.472     0.484     0.165         0     0.223
   190/199     5.76G     0.116         0     0.204      0.32        11       352     0.429     0.731     0.525     0.541     0.156         0      0.29
   191/199     5.76G     0.167         0     0.205     0.371        17       320     0.429     0.731     0.525     0.541     0.156         0      0.29
   192/199     5.76G     0.142         0     0.204     0.346        11       416     0.429     0.731     0.525     0.541     0.156         0      0.29
   193/199     5.76G     0.105         0     0.212     0.317        11       608     0.429     0.731     0.525     0.541     0.156         0      0.29
   194/199     5.76G    0.0922         0     0.205     0.297        11       352     0.429     0.731     0.525     0.541     0.156         0      0.29
   195/199     5.76G     0.129         0       0.2     0.329         6       512     0.429     0.731     0.525     0.541     0.156         0      0.29
   196/199     5.76G     0.127         0     0.193     0.319        10       352     0.429     0.731     0.525     0.541     0.156         0      0.29
