     0/199     4.97G      1.06         0      20.7      21.8        12       576         0         0         0         0         0         0         0
     1/199     4.97G      1.01         0        19      20.1         5       544         0         0         0         0         0         0         0
     2/199     5.02G      0.99         0      16.1      17.1         8       352         0         0         0         0         0         0         0
     3/199     5.02G     0.885         0      10.5      11.4        13       480         0         0         0         0         0         0         0
     4/199     5.02G     0.743         0      6.07      6.81        25       576         0         0         0         0         0         0         0
     5/199     5.02G     0.656         0      3.39      4.05        13       352         0         0         0         0         0         0         0
     6/199     5.02G     0.598         0      2.29      2.89        10       448         0         0         0         0         0         0         0
     7/199     5.02G     0.506         0       1.4      1.91         6       576         0         0         0         0         0         0         0
     8/199     5.02G     0.499         0      1.02      1.52         8       352         0         0         0         0         0         0         0
     9/199     5.02G     0.451         0     0.907      1.36         7       576         0         0         0         0         0         0         0
    10/199     5.02G     0.413         0     0.652      1.06        17       576         0         0         0         0      0.45         0     0.899
    11/199     5.02G     0.396         0     0.705       1.1         7       320         0         0         0         0      0.45         0     0.899
    12/199     5.02G      0.42         0     0.704      1.12         5       352         0         0         0         0      0.45         0     0.899
    13/199     5.02G     0.352         0     0.664      1.02         8       512         0         0         0         0      0.45         0     0.899
    14/199     5.02G      0.34         0      0.63     0.969        18       576         0         0         0         0      0.45         0     0.899
    15/199     5.02G     0.348         0     0.738      1.09         5       448         0         0         0         0      0.45         0     0.899
    16/199     5.02G      0.32         0     0.695      1.01         7       416         0         0         0         0      0.45         0     0.899
    17/199     5.02G     0.358         0     0.676      1.03        11       416         0         0         0         0      0.45         0     0.899
    18/199      5.6G     0.295         0     0.565      0.86        11       512         0         0         0         0      0.45         0     0.899
    19/199      5.6G     0.293         0     0.519     0.813         8       608         0         0         0         0      0.45         0     0.899
    20/199      5.6G     0.301         0     0.551     0.853         6       448         0         0         0         0      0.35         0     0.551
    21/199      5.6G     0.285         0     0.466     0.751        19       544         0         0         0         0      0.35         0     0.551
    22/199      5.6G     0.278         0     0.476     0.754         9       480         0         0         0         0      0.35         0     0.551
    23/199      5.6G     0.308         0     0.505     0.813        15       352         0         0         0         0      0.35         0     0.551
    24/199      5.6G     0.277         0     0.481     0.758         9       608         0         0         0         0      0.35         0     0.551
    25/199      5.6G      0.28         0     0.529     0.809         4       352         0         0         0         0      0.35         0     0.551
    26/199      5.6G     0.264         0     0.491     0.755        10       608         0         0         0         0      0.35         0     0.551
    27/199      5.6G     0.245         0     0.427     0.672         7       480         0         0         0         0      0.35         0     0.551
    28/199      5.6G     0.278         0     0.429     0.707        11       416         0         0         0         0      0.35         0     0.551
    29/199      5.6G     0.285         0     0.415     0.701        14       320         0         0         0         0      0.35         0     0.551
    30/199      5.6G     0.286         0     0.454      0.74        13       448    0.0379    0.0359   0.00261    0.0368      0.29         0     0.449
    31/199      5.6G     0.282         0     0.413     0.695        10       352    0.0379    0.0359   0.00261    0.0368      0.29         0     0.449
    32/199      5.6G     0.264         0     0.426      0.69         7       480    0.0379    0.0359   0.00261    0.0368      0.29         0     0.449
    33/199      5.6G     0.263         0     0.407      0.67        14       384    0.0379    0.0359   0.00261    0.0368      0.29         0     0.449
    34/199      5.6G     0.249         0      0.42     0.669        24       512    0.0379    0.0359   0.00261    0.0368      0.29         0     0.449
    35/199      5.6G     0.244         0     0.433     0.677        12       320    0.0379    0.0359   0.00261    0.0368      0.29         0     0.449
    36/199      5.6G     0.267         0     0.411     0.679         6       352    0.0379    0.0359   0.00261    0.0368      0.29         0     0.449
    37/199      5.6G     0.248         0     0.396     0.645        10       416    0.0379    0.0359   0.00261    0.0368      0.29         0     0.449
    38/199      5.6G     0.254         0     0.398     0.652         8       320    0.0379    0.0359   0.00261    0.0368      0.29         0     0.449
    39/199      5.6G      0.22         0     0.418     0.638        17       608    0.0379    0.0359   0.00261    0.0368      0.29         0     0.449
    40/199      5.6G     0.191         0     0.396     0.587        12       608    0.0622     0.105   0.00974    0.0781     0.259         0     0.449
    41/199      5.6G     0.227         0     0.406     0.632        11       352    0.0622     0.105   0.00974    0.0781     0.259         0     0.449
    42/199      5.6G     0.255         0     0.409     0.664        13       352    0.0622     0.105   0.00974    0.0781     0.259         0     0.449
    43/199      5.6G     0.238         0     0.392     0.631        10       416    0.0622     0.105   0.00974    0.0781     0.259         0     0.449
    44/199      5.6G     0.193         0     0.409     0.602         6       608    0.0622     0.105   0.00974    0.0781     0.259         0     0.449
    45/199      5.6G     0.188         0     0.412       0.6         9       352    0.0622     0.105   0.00974    0.0781     0.259         0     0.449
    46/199      5.6G     0.225         0     0.418     0.643        13       512    0.0622     0.105   0.00974    0.0781     0.259         0     0.449
    47/199      5.6G     0.228         0      0.39     0.617        11       352    0.0622     0.105   0.00974    0.0781     0.259         0     0.449
    48/199      5.6G     0.217         0     0.397     0.615        11       352    0.0622     0.105   0.00974    0.0781     0.259         0     0.449
    49/199      5.6G     0.235         0     0.399     0.634         9       320    0.0622     0.105   0.00974    0.0781     0.259         0     0.449
    50/199      5.6G     0.189         0     0.428     0.617         7       320    0.0504     0.188    0.0145    0.0795     0.218         0     0.458
    51/199      5.6G     0.226         0     0.411     0.637        11       416    0.0504     0.188    0.0145    0.0795     0.218         0     0.458
    52/199      5.6G     0.211         0     0.373     0.584         7       384    0.0504     0.188    0.0145    0.0795     0.218         0     0.458
    53/199      5.6G      0.21         0     0.371     0.581         6       544    0.0504     0.188    0.0145    0.0795     0.218         0     0.458
    54/199      5.6G     0.179         0     0.382      0.56        11       416    0.0504     0.188    0.0145    0.0795     0.218         0     0.458
    55/199      5.6G     0.215         0     0.378     0.593        11       320    0.0504     0.188    0.0145    0.0795     0.218         0     0.458
    56/199      5.6G     0.205         0     0.382     0.588         7       576    0.0504     0.188    0.0145    0.0795     0.218         0     0.458
    57/199      5.6G     0.172         0     0.392     0.564         7       512    0.0504     0.188    0.0145    0.0795     0.218         0     0.458
    58/199      5.6G     0.162         0     0.456     0.618         5       352    0.0504     0.188    0.0145    0.0795     0.218         0     0.458
    59/199      5.6G     0.214         0     0.418     0.632        11       448    0.0504     0.188    0.0145    0.0795     0.218         0     0.458
    60/199      5.6G     0.222         0     0.471     0.693        11       352    0.0514     0.212    0.0164    0.0828     0.237         0     0.427
    61/199      5.6G      0.22         0     0.415     0.635        10       352    0.0514     0.212    0.0164    0.0828     0.237         0     0.427
    62/199      5.6G     0.215         0      0.39     0.605        15       448    0.0514     0.212    0.0164    0.0828     0.237         0     0.427
    63/199      5.6G      0.19         0     0.374     0.564        11       480    0.0514     0.212    0.0164    0.0828     0.237         0     0.427
    64/199      5.6G     0.183         0     0.366     0.548         8       384    0.0514     0.212    0.0164    0.0828     0.237         0     0.427
    65/199      5.6G     0.212         0     0.367     0.579        10       320    0.0514     0.212    0.0164    0.0828     0.237         0     0.427
    66/199      5.6G      0.17         0     0.401     0.571         5       544    0.0514     0.212    0.0164    0.0828     0.237         0     0.427
    67/199      5.6G     0.184         0     0.387     0.572        16       320    0.0514     0.212    0.0164    0.0828     0.237         0     0.427
    68/199      5.6G     0.175         0     0.398     0.573        12       608    0.0514     0.212    0.0164    0.0828     0.237         0     0.427
    69/199      5.6G     0.194         0     0.393     0.587        13       512    0.0514     0.212    0.0164    0.0828     0.237         0     0.427
    70/199      5.6G     0.177         0     0.364     0.541         5       416    0.0762     0.247    0.0352     0.116     0.194         0      0.34
    71/199      5.6G     0.178         0      0.35     0.528        10       448    0.0762     0.247    0.0352     0.116     0.194         0      0.34
    72/199      5.6G     0.169         0     0.345     0.514        11       544    0.0762     0.247    0.0352     0.116     0.194         0      0.34
    73/199      5.6G     0.144         0     0.355     0.499        10       608    0.0762     0.247    0.0352     0.116     0.194         0      0.34
    74/199      5.6G     0.179         0     0.365     0.543        19       416    0.0762     0.247    0.0352     0.116     0.194         0      0.34
    75/199      5.6G     0.183         0     0.342     0.525        12       320    0.0762     0.247    0.0352     0.116     0.194         0      0.34
    76/199      5.6G     0.193         0     0.347      0.54         7       384    0.0762     0.247    0.0352     0.116     0.194         0      0.34
    77/199      5.6G     0.179         0     0.344     0.522        17       480    0.0762     0.247    0.0352     0.116     0.194         0      0.34
    78/199      5.6G     0.155         0     0.344     0.499         8       576    0.0762     0.247    0.0352     0.116     0.194         0      0.34
    79/199      5.6G     0.161         0     0.339       0.5         7       448    0.0762     0.247    0.0352     0.116     0.194         0      0.34
    80/199      5.6G     0.177         0     0.351     0.528         9       608     0.115     0.396    0.0754     0.178      0.19         0     0.329
    81/199      5.6G     0.143         0     0.348     0.491        11       544     0.115     0.396    0.0754     0.178      0.19         0     0.329
    82/199      5.6G     0.181         0      0.34     0.521        15       320     0.115     0.396    0.0754     0.178      0.19         0     0.329
    83/199      5.6G     0.175         0     0.354      0.53        11       544     0.115     0.396    0.0754     0.178      0.19         0     0.329
    84/199      5.6G     0.149         0     0.344     0.493        11       512     0.115     0.396    0.0754     0.178      0.19         0     0.329
    85/199      5.6G     0.137         0     0.342     0.479        16       576     0.115     0.396    0.0754     0.178      0.19         0     0.329
    86/199      5.6G     0.148         0     0.343     0.491         7       448     0.115     0.396    0.0754     0.178      0.19         0     0.329
    87/199      5.6G     0.157         0     0.321     0.478        18       480     0.115     0.396    0.0754     0.178      0.19         0     0.329
    88/199      5.6G     0.152         0      0.32     0.472        19       448     0.115     0.396    0.0754     0.178      0.19         0     0.329
    89/199      5.6G     0.169         0     0.312      0.48         9       384     0.115     0.396    0.0754     0.178      0.19         0     0.329
    90/199      5.6G     0.154         0     0.327     0.481         9       320     0.115     0.304    0.0538     0.167     0.181         0     0.326
    91/199      5.6G      0.17         0     0.351     0.521         7       544     0.115     0.304    0.0538     0.167     0.181         0     0.326
    92/199      5.6G     0.163         0      0.34     0.503        15       352     0.115     0.304    0.0538     0.167     0.181         0     0.326
    93/199      5.6G     0.162         0     0.332     0.493         9       320     0.115     0.304    0.0538     0.167     0.181         0     0.326
    94/199      5.6G     0.164         0     0.344     0.508        10       576     0.115     0.304    0.0538     0.167     0.181         0     0.326
    95/199      5.6G     0.153         0     0.321     0.474        13       448     0.115     0.304    0.0538     0.167     0.181         0     0.326
    96/199      5.6G     0.161         0     0.307     0.468         7       416     0.115     0.304    0.0538     0.167     0.181         0     0.326
    97/199      5.6G     0.146         0     0.315     0.461        13       544     0.115     0.304    0.0538     0.167     0.181         0     0.326
    98/199      5.6G     0.141         0     0.311     0.452         9       608     0.115     0.304    0.0538     0.167     0.181         0     0.326
    99/199      5.6G     0.134         0     0.312     0.446        12       448     0.115     0.304    0.0538     0.167     0.181         0     0.326
   100/199      5.6G      0.15         0     0.309     0.459         8       480     0.151     0.341    0.0717      0.21     0.176         0      0.31
   101/199      5.6G     0.123         0     0.311     0.434        10       608     0.151     0.341    0.0717      0.21     0.176         0      0.31
   102/199      5.6G     0.146         0     0.304      0.45         7       384     0.151     0.341    0.0717      0.21     0.176         0      0.31
   103/199      5.6G     0.156         0     0.303     0.459        16       448     0.151     0.341    0.0717      0.21     0.176         0      0.31
   104/199      5.6G     0.138         0     0.303     0.442        21       512     0.151     0.341    0.0717      0.21     0.176         0      0.31
   105/199      5.6G     0.159         0     0.298     0.457         6       352     0.151     0.341    0.0717      0.21     0.176         0      0.31
   106/199      5.6G     0.172         0      0.31     0.482        16       608     0.151     0.341    0.0717      0.21     0.176         0      0.31
   107/199      5.6G     0.133         0     0.322     0.455         8       416     0.151     0.341    0.0717      0.21     0.176         0      0.31
   108/199      5.6G     0.149         0       0.3     0.449        13       480     0.151     0.341    0.0717      0.21     0.176         0      0.31
   109/199      5.6G     0.152         0     0.289     0.441        11       416     0.151     0.341    0.0717      0.21     0.176         0      0.31
   110/199      5.6G     0.152         0     0.292     0.443         9       416     0.176     0.438     0.127     0.251     0.165         0     0.297
   111/199      5.6G     0.129         0     0.296     0.426         7       544     0.176     0.438     0.127     0.251     0.165         0     0.297
   112/199      5.6G     0.128         0     0.295     0.423         6       608     0.176     0.438     0.127     0.251     0.165         0     0.297
   113/199      5.6G     0.125         0     0.294      0.42        11       512     0.176     0.438     0.127     0.251     0.165         0     0.297
   114/199      5.6G     0.164         0     0.299     0.463         7       512     0.176     0.438     0.127     0.251     0.165         0     0.297
   115/199      5.6G     0.126         0       0.3     0.426        10       608     0.176     0.438     0.127     0.251     0.165         0     0.297
   116/199      5.6G     0.123         0     0.284     0.407        11       512     0.176     0.438     0.127     0.251     0.165         0     0.297
   117/199      5.6G     0.169         0     0.301      0.47        10       384     0.176     0.438     0.127     0.251     0.165         0     0.297
   118/199      5.6G     0.139         0     0.303     0.442         6       544     0.176     0.438     0.127     0.251     0.165         0     0.297
   119/199      5.6G     0.153         0     0.295     0.448         9       352     0.176     0.438     0.127     0.251     0.165         0     0.297
   120/199      5.6G     0.143         0     0.287     0.431         8       384     0.191     0.434     0.133     0.265     0.167         0     0.285
   121/199      5.6G     0.137         0     0.292     0.428        11       544     0.191     0.434     0.133     0.265     0.167         0     0.285
   122/199      5.6G     0.119         0     0.288     0.407        11       544     0.191     0.434     0.133     0.265     0.167         0     0.285
   123/199      5.6G     0.121         0     0.286     0.407        12       576     0.191     0.434     0.133     0.265     0.167         0     0.285
   124/199      5.6G     0.112         0     0.284     0.397        12       608     0.191     0.434     0.133     0.265     0.167         0     0.285
   125/199      5.6G     0.166         0     0.298     0.465         6       320     0.191     0.434     0.133     0.265     0.167         0     0.285
   126/199      5.6G     0.145         0     0.304      0.45        16       544     0.191     0.434     0.133     0.265     0.167         0     0.285
   127/199      5.6G     0.128         0     0.281     0.409        11       480     0.191     0.434     0.133     0.265     0.167         0     0.285
   128/199      5.6G      0.13         0     0.275     0.404         9       544     0.191     0.434     0.133     0.265     0.167         0     0.285
   129/199      5.6G     0.144         0     0.282     0.425        12       320     0.191     0.434     0.133     0.265     0.167         0     0.285
   130/199      5.6G     0.131         0     0.293     0.423        10       416     0.222     0.478     0.135     0.303     0.154         0     0.285
   131/199      5.6G     0.128         0     0.279     0.407         7       576     0.222     0.478     0.135     0.303     0.154         0     0.285
   132/199      5.6G     0.137         0     0.276     0.412        11       352     0.222     0.478     0.135     0.303     0.154         0     0.285
   133/199      5.6G     0.153         0     0.277     0.429        12       320     0.222     0.478     0.135     0.303     0.154         0     0.285
   134/199      5.6G     0.147         0     0.283      0.43        13       512     0.222     0.478     0.135     0.303     0.154         0     0.285
   135/199      5.6G     0.121         0     0.272     0.392         8       512     0.222     0.478     0.135     0.303     0.154         0     0.285
   136/199      5.6G     0.134         0     0.269     0.402        12       320     0.222     0.478     0.135     0.303     0.154         0     0.285
   137/199      5.6G     0.151         0     0.278     0.429        12       416     0.222     0.478     0.135     0.303     0.154         0     0.285
   138/199      5.6G     0.153         0     0.274     0.427        12       320     0.222     0.478     0.135     0.303     0.154         0     0.285
   139/199      5.6G     0.137         0     0.285     0.421        10       576     0.222     0.478     0.135     0.303     0.154         0     0.285
   140/199      5.6G      0.11         0     0.291     0.401        10       608     0.205     0.459     0.162     0.284     0.149         0     0.272
   141/199      5.6G     0.142         0     0.276     0.418        11       416     0.205     0.459     0.162     0.284     0.149         0     0.272
   142/199      5.6G     0.139         0     0.267     0.407         8       352     0.205     0.459     0.162     0.284     0.149         0     0.272
   143/199      5.6G     0.118         0     0.288     0.406        10       608     0.205     0.459     0.162     0.284     0.149         0     0.272
   144/199      5.6G     0.131         0     0.263     0.394         9       448     0.205     0.459     0.162     0.284     0.149         0     0.272
   145/199      5.6G     0.128         0     0.259     0.387         6       448     0.205     0.459     0.162     0.284     0.149         0     0.272
   146/199      5.6G     0.132         0     0.256     0.388        14       352     0.205     0.459     0.162     0.284     0.149         0     0.272
   147/199      5.6G     0.132         0      0.26     0.392         9       544     0.205     0.459     0.162     0.284     0.149         0     0.272
   148/199      5.6G     0.113         0     0.264     0.377         6       512     0.205     0.459     0.162     0.284     0.149         0     0.272
   149/199      5.6G     0.139         0     0.258     0.397         9       320     0.205     0.459     0.162     0.284     0.149         0     0.272
   150/199      5.6G     0.141         0     0.266     0.407         5       448     0.236     0.504     0.199     0.322     0.149         0     0.331
   151/199      5.6G     0.116         0     0.269     0.385         8       544     0.236     0.504     0.199     0.322     0.149         0     0.331
   152/199      5.6G     0.136         0     0.265     0.401         7       448     0.236     0.504     0.199     0.322     0.149         0     0.331
   153/199      5.6G     0.127         0     0.254     0.381        17       384     0.236     0.504     0.199     0.322     0.149         0     0.331
   154/199      5.6G     0.112         0     0.269     0.381        11       480     0.236     0.504     0.199     0.322     0.149         0     0.331
   155/199      5.6G     0.125         0     0.254     0.379         7       352     0.236     0.504     0.199     0.322     0.149         0     0.331
   156/199      5.6G     0.134         0     0.253     0.388         6       384     0.236     0.504     0.199     0.322     0.149         0     0.331
   157/199      5.6G     0.125         0     0.254     0.379         5       320     0.236     0.504     0.199     0.322     0.149         0     0.331
   158/199      5.6G     0.141         0     0.254     0.396        12       320     0.236     0.504     0.199     0.322     0.149         0     0.331
   159/199      5.6G     0.142         0     0.252     0.394         7       320     0.236     0.504     0.199     0.322     0.149         0     0.331
   160/199      5.6G     0.123         0     0.255     0.378        11       448     0.271      0.56     0.244     0.366     0.145         0     0.262
   161/199      5.6G     0.112         0     0.256     0.368        10       576     0.271      0.56     0.244     0.366     0.145         0     0.262
   162/199      5.6G     0.114         0      0.25     0.364        13       480     0.271      0.56     0.244     0.366     0.145         0     0.262
   163/199      5.6G     0.108         0     0.254     0.362        18       608     0.271      0.56     0.244     0.366     0.145         0     0.262
   164/199      5.6G     0.125         0     0.256      0.38         6       320     0.271      0.56     0.244     0.366     0.145         0     0.262
   165/199      5.6G     0.101         0     0.278      0.38         7       544     0.271      0.56     0.244     0.366     0.145         0     0.262
   166/199      5.6G     0.108         0     0.254     0.362         9       544     0.271      0.56     0.244     0.366     0.145         0     0.262
   167/199      5.6G     0.106         0     0.248     0.355         9       512     0.271      0.56     0.244     0.366     0.145         0     0.262
   168/199      5.6G     0.107         0     0.241     0.348        10       576     0.271      0.56     0.244     0.366     0.145         0     0.262
   169/199      5.6G     0.114         0     0.246     0.361         7       384     0.271      0.56     0.244     0.366     0.145         0     0.262
   170/199      5.6G      0.12         0     0.242     0.363         9       512     0.281     0.523     0.279     0.366     0.145         0     0.241
   171/199      5.6G     0.102         0     0.247     0.349        12       608     0.281     0.523     0.279     0.366     0.145         0     0.241
   172/199      5.6G     0.108         0     0.242      0.35        15       448     0.281     0.523     0.279     0.366     0.145         0     0.241
   173/199      5.6G     0.141         0      0.25     0.391        22       384     0.281     0.523     0.279     0.366     0.145         0     0.241
   174/199      5.6G     0.127         0     0.242      0.37        12       384     0.281     0.523     0.279     0.366     0.145         0     0.241
   175/199      5.6G     0.118         0     0.239     0.357         6       448     0.281     0.523     0.279     0.366     0.145         0     0.241
   176/199      5.6G      0.11         0     0.237     0.348         9       480     0.281     0.523     0.279     0.366     0.145         0     0.241
   177/199      5.6G      0.11         0     0.234     0.345         6       480     0.281     0.523     0.279     0.366     0.145         0     0.241
   178/199      5.6G     0.125         0     0.242     0.368        15       480     0.281     0.523     0.279     0.366     0.145         0     0.241
   179/199      5.6G     0.101         0     0.243     0.344         7       608     0.281     0.523     0.279     0.366     0.145         0     0.241
   180/199      5.6G     0.121         0     0.252     0.373        11       320       0.3     0.531     0.243     0.383     0.136         0     0.244
   181/199      5.6G     0.139         0     0.251     0.391         8       448       0.3     0.531     0.243     0.383     0.136         0     0.244
   182/199      5.6G     0.117         0     0.235     0.352         8       384       0.3     0.531     0.243     0.383     0.136         0     0.244
   183/199      5.6G     0.125         0     0.237     0.362         8       384       0.3     0.531     0.243     0.383     0.136         0     0.244
   184/199      5.6G     0.103         0     0.258     0.361        18       448       0.3     0.531     0.243     0.383     0.136         0     0.244
   185/199      5.6G     0.109         0     0.233     0.342         5       480       0.3     0.531     0.243     0.383     0.136         0     0.244
   186/199      5.6G     0.104         0     0.234     0.338        10       576       0.3     0.531     0.243     0.383     0.136         0     0.244
   187/199      5.6G     0.106         0      0.24     0.346         3       384       0.3     0.531     0.243     0.383     0.136         0     0.244
   188/199      5.6G     0.118         0     0.235     0.354         5       448       0.3     0.531     0.243     0.383     0.136         0     0.244
   189/199      5.6G      0.12         0     0.235     0.354         7       544       0.3     0.531     0.243     0.383     0.136         0     0.244
   190/199      5.6G     0.108         0     0.234     0.342        12       416     0.305     0.526     0.263     0.386     0.134         0     0.239
   191/199      5.6G     0.131         0     0.245     0.376         6       320     0.305     0.526     0.263     0.386     0.134         0     0.239
   192/199      5.6G     0.115         0     0.225      0.34        14       384     0.305     0.526     0.263     0.386     0.134         0     0.239
   193/199      5.6G     0.108         0     0.238     0.347         7       576     0.305     0.526     0.263     0.386     0.134         0     0.239
   194/199      5.6G     0.122         0      0.24     0.362         7       448     0.305     0.526     0.263     0.386     0.134         0     0.239
   195/199      5.6G     0.104         0      0.23     0.335        14       512     0.305     0.526     0.263     0.386     0.134         0     0.239
   196/199      5.6G     0.104         0     0.235     0.339         6       480     0.305     0.526     0.263     0.386     0.134         0     0.239
   197/199      5.6G      0.11         0     0.232     0.341        13       512     0.305     0.526     0.263     0.386     0.134         0     0.239
   198/199      5.6G     0.113         0     0.239     0.352        11       352     0.305     0.526     0.263     0.386     0.134         0     0.239
   199/199      5.6G     0.125         0     0.238     0.363         6       352     0.305     0.526     0.263     0.386     0.134         0     0.239
