     0/199     5.02G      1.03         0      20.8      21.9        12       576         0         0         0         0         0         0         0
     1/199     5.02G     0.975         0      19.5      20.4         5       544         0         0         0         0         0         0         0
     2/199     5.06G      1.01         0      17.1      18.1         8       352         0         0         0         0         0         0         0
     3/199     5.06G     0.892         0      11.7      12.6        13       480         0         0         0         0         0         0         0
     4/199     5.06G      0.71         0         7      7.71        25       576         0         0         0         0         0         0         0
     5/199     5.07G     0.636         0      3.83      4.46        13       352         0         0         0         0         0         0         0
     6/199     5.07G     0.624         0       2.7      3.33        10       448         0         0         0         0         0         0         0
     7/199     5.07G     0.467         0      1.59      2.06         6       576         0         0         0         0         0         0         0
     8/199     5.07G     0.494         0      1.11       1.6         8       352         0         0         0         0         0         0         0
     9/199     5.07G     0.438         0      0.87      1.31         7       576         0         0         0         0         0         0         0
    10/199     5.07G     0.384         0     0.722      1.11        17       576         0         0         0         0      0.45         0      0.87
    11/199     5.07G      0.39         0     0.816      1.21         7       320         0         0         0         0      0.45         0      0.87
    12/199     5.07G     0.465         0     0.882      1.35         5       352         0         0         0         0      0.45         0      0.87
    13/199     5.07G     0.312         0     0.744      1.06         8       512         0         0         0         0      0.45         0      0.87
    14/199     5.07G     0.296         0     0.557     0.853        18       576         0         0         0         0      0.45         0      0.87
    15/199     5.07G     0.322         0     0.556     0.878         5       448         0         0         0         0      0.45         0      0.87
    16/199     5.07G     0.285         0     0.551     0.836         7       416         0         0         0         0      0.45         0      0.87
    17/199     5.07G     0.347         0     0.536     0.883        11       416         0         0         0         0      0.45         0      0.87
    18/199     5.64G     0.258         0     0.579     0.837        11       512         0         0         0         0      0.45         0      0.87
    19/199     5.64G     0.256         0     0.642     0.898         8       608         0         0         0         0      0.45         0      0.87
    20/199     5.64G     0.273         0     0.634     0.908         6       448         0         0         0         0     0.349         0     0.644
    21/199     5.64G     0.252         0       0.5     0.752        19       544         0         0         0         0     0.349         0     0.644
    22/199     5.64G     0.254         0     0.487     0.741         9       480         0         0         0         0     0.349         0     0.644
    23/199     5.64G     0.331         0     0.502     0.832        15       352         0         0         0         0     0.349         0     0.644
    24/199     5.64G     0.249         0     0.486     0.735         9       608         0         0         0         0     0.349         0     0.644
    25/199     5.64G     0.283         0      0.55     0.833         4       352         0         0         0         0     0.349         0     0.644
    26/199     5.64G     0.235         0      0.49     0.724        10       608         0         0         0         0     0.349         0     0.644
    27/199     5.64G     0.213         0      0.48     0.693         7       480         0         0         0         0     0.349         0     0.644
    28/199     5.64G     0.276         0     0.519     0.795        11       416         0         0         0         0     0.349         0     0.644
    29/199     5.64G     0.294         0     0.457     0.751        14       320         0         0         0         0     0.349         0     0.644
    30/199     5.64G     0.307         0     0.513      0.82        13       448    0.0234    0.0339    0.0019    0.0276     0.295         0     0.488
    31/199     5.64G     0.299         0     0.451      0.75        10       352    0.0234    0.0339    0.0019    0.0276     0.295         0     0.488
    32/199     5.64G      0.26         0     0.434     0.695         7       480    0.0234    0.0339    0.0019    0.0276     0.295         0     0.488
    33/199     5.64G     0.261         0      0.42     0.681        14       384    0.0234    0.0339    0.0019    0.0276     0.295         0     0.488
    34/199     5.64G     0.236         0      0.42     0.656        24       512    0.0234    0.0339    0.0019    0.0276     0.295         0     0.488
    35/199     5.64G      0.25         0     0.461      0.71        12       320    0.0234    0.0339    0.0019    0.0276     0.295         0     0.488
    36/199     5.64G     0.309         0      0.45     0.758         6       352    0.0234    0.0339    0.0019    0.0276     0.295         0     0.488
    37/199     5.64G     0.267         0     0.441     0.707        10       416    0.0234    0.0339    0.0019    0.0276     0.295         0     0.488
    38/199     5.64G     0.275         0     0.433     0.708         8       320    0.0234    0.0339    0.0019    0.0276     0.295         0     0.488
    39/199     5.64G     0.209         0     0.469     0.678        17       608    0.0234    0.0339    0.0019    0.0276     0.295         0     0.488
    40/199     5.64G     0.166         0     0.448     0.614        12       608    0.0569    0.0494   0.00363    0.0529     0.271         0     0.426
    41/199     5.64G      0.23         0     0.453     0.684        11       352    0.0569    0.0494   0.00363    0.0529     0.271         0     0.426
    42/199     5.64G     0.303         0     0.434     0.737        13       352    0.0569    0.0494   0.00363    0.0529     0.271         0     0.426
    43/199     5.64G     0.258         0     0.409     0.666        10       416    0.0569    0.0494   0.00363    0.0529     0.271         0     0.426
    44/199     5.64G     0.185         0      0.43     0.615         6       608    0.0569    0.0494   0.00363    0.0529     0.271         0     0.426
    45/199     5.64G     0.172         0     0.451     0.623         9       352    0.0569    0.0494   0.00363    0.0529     0.271         0     0.426
    46/199     5.64G     0.243         0     0.451     0.694        13       512    0.0569    0.0494   0.00363    0.0529     0.271         0     0.426
    47/199     5.64G     0.249         0     0.425     0.674        11       352    0.0569    0.0494   0.00363    0.0529     0.271         0     0.426
    48/199     5.64G     0.214         0     0.412     0.627        11       352    0.0569    0.0494   0.00363    0.0529     0.271         0     0.426
    49/199     5.64G      0.28         0     0.413     0.692         9       320    0.0569    0.0494   0.00363    0.0529     0.271         0     0.426
    50/199     5.64G     0.184         0     0.457      0.64         7       320    0.0421     0.168   0.00961    0.0673     0.227         0     0.535
    51/199     5.64G     0.255         0     0.471     0.727        11       416    0.0421     0.168   0.00961    0.0673     0.227         0     0.535
    52/199     5.64G     0.223         0     0.397      0.62         7       384    0.0421     0.168   0.00961    0.0673     0.227         0     0.535
    53/199     5.64G     0.235         0     0.409     0.643         6       544    0.0421     0.168   0.00961    0.0673     0.227         0     0.535
    54/199     5.64G     0.185         0     0.426     0.611        11       416    0.0421     0.168   0.00961    0.0673     0.227         0     0.535
    55/199     5.64G     0.268         0     0.416     0.684        11       320    0.0421     0.168   0.00961    0.0673     0.227         0     0.535
    56/199     5.64G     0.241         0     0.415     0.656         7       576    0.0421     0.168   0.00961    0.0673     0.227         0     0.535
    57/199     5.64G     0.164         0     0.441     0.606         7       512    0.0421     0.168   0.00961    0.0673     0.227         0     0.535
    58/199     5.64G      0.15         0     0.472     0.622         5       352    0.0421     0.168   0.00961    0.0673     0.227         0     0.535
    59/199     5.64G     0.232         0     0.425     0.656        11       448    0.0421     0.168   0.00961    0.0673     0.227         0     0.535
    60/199     5.64G     0.232         0     0.445     0.677        11       352    0.0464     0.189    0.0154    0.0745     0.243         0     0.402
    61/199     5.64G     0.226         0     0.409     0.635        10       352    0.0464     0.189    0.0154    0.0745     0.243         0     0.402
    62/199     5.64G     0.222         0     0.396     0.618        15       448    0.0464     0.189    0.0154    0.0745     0.243         0     0.402
    63/199     5.64G     0.176         0     0.397     0.573        11       480    0.0464     0.189    0.0154    0.0745     0.243         0     0.402
    64/199     5.64G     0.177         0     0.395     0.572         8       384    0.0464     0.189    0.0154    0.0745     0.243         0     0.402
    65/199     5.64G      0.25         0     0.397     0.647        10       320    0.0464     0.189    0.0154    0.0745     0.243         0     0.402
    66/199     5.64G     0.164         0     0.416     0.579         5       544    0.0464     0.189    0.0154    0.0745     0.243         0     0.402
    67/199     5.64G     0.191         0     0.401     0.591        16       320    0.0464     0.189    0.0154    0.0745     0.243         0     0.402
    68/199     5.64G     0.182         0     0.418       0.6        12       608    0.0464     0.189    0.0154    0.0745     0.243         0     0.402
    69/199     5.64G     0.217         0     0.401     0.618        13       512    0.0464     0.189    0.0154    0.0745     0.243         0     0.402
    70/199     5.64G     0.176         0     0.387     0.563         5       416    0.0647     0.261    0.0307     0.104     0.208         0     0.372
    71/199     5.64G     0.184         0     0.373     0.557        10       448    0.0647     0.261    0.0307     0.104     0.208         0     0.372
    72/199     5.64G     0.158         0     0.372      0.53        11       544    0.0647     0.261    0.0307     0.104     0.208         0     0.372
    73/199     5.64G      0.13         0     0.378     0.507        10       608    0.0647     0.261    0.0307     0.104     0.208         0     0.372
    74/199     5.64G     0.193         0     0.381     0.574        19       416    0.0647     0.261    0.0307     0.104     0.208         0     0.372
    75/199     5.64G     0.213         0     0.371     0.584        12       320    0.0647     0.261    0.0307     0.104     0.208         0     0.372
    76/199     5.64G     0.224         0     0.368     0.592         7       384    0.0647     0.261    0.0307     0.104     0.208         0     0.372
    77/199     5.64G     0.193         0     0.367      0.56        17       480    0.0647     0.261    0.0307     0.104     0.208         0     0.372
    78/199     5.64G     0.145         0     0.373     0.518         8       576    0.0647     0.261    0.0307     0.104     0.208         0     0.372
    79/199     5.64G     0.159         0     0.365     0.524         7       448    0.0647     0.261    0.0307     0.104     0.208         0     0.372
    80/199     5.64G     0.194         0      0.38     0.574         9       608    0.0883     0.359     0.055     0.142       0.2         0     0.359
    81/199     5.64G     0.129         0      0.38     0.509        11       544    0.0883     0.359     0.055     0.142       0.2         0     0.359
    82/199     5.64G     0.195         0     0.367     0.562        15       320    0.0883     0.359     0.055     0.142       0.2         0     0.359
    83/199     5.64G     0.201         0     0.374     0.575        11       544    0.0883     0.359     0.055     0.142       0.2         0     0.359
    84/199     5.64G     0.141         0     0.369      0.51        11       512    0.0883     0.359     0.055     0.142       0.2         0     0.359
    85/199     5.64G     0.119         0     0.369     0.488        16       576    0.0883     0.359     0.055     0.142       0.2         0     0.359
    86/199     5.64G     0.141         0     0.357     0.498         7       448    0.0883     0.359     0.055     0.142       0.2         0     0.359
    87/199     5.64G     0.156         0     0.341     0.496        18       480    0.0883     0.359     0.055     0.142       0.2         0     0.359
    88/199     5.64G     0.147         0     0.339     0.486        19       448    0.0883     0.359     0.055     0.142       0.2         0     0.359
    89/199     5.64G     0.177         0     0.345     0.522         9       384    0.0883     0.359     0.055     0.142       0.2         0     0.359
    90/199     5.64G     0.148         0     0.357     0.504         9       320    0.0901     0.351    0.0571     0.143     0.188         0      0.37
    91/199     5.64G     0.197         0     0.373     0.569         7       544    0.0901     0.351    0.0571     0.143     0.188         0      0.37
    92/199     5.64G     0.181         0     0.363     0.544        15       352    0.0901     0.351    0.0571     0.143     0.188         0      0.37
    93/199     5.64G      0.17         0     0.353     0.522         9       320    0.0901     0.351    0.0571     0.143     0.188         0      0.37
    94/199     5.64G     0.183         0     0.364     0.547        10       576    0.0901     0.351    0.0571     0.143     0.188         0      0.37
    95/199     5.64G     0.149         0     0.342     0.491        13       448    0.0901     0.351    0.0571     0.143     0.188         0      0.37
    96/199     5.64G     0.181         0     0.332     0.512         7       416    0.0901     0.351    0.0571     0.143     0.188         0      0.37
    97/199     5.64G     0.147         0     0.336     0.483        13       544    0.0901     0.351    0.0571     0.143     0.188         0      0.37
    98/199     5.64G     0.138         0     0.338     0.476         9       608    0.0901     0.351    0.0571     0.143     0.188         0      0.37
    99/199     5.64G     0.127         0     0.339     0.466        12       448    0.0901     0.351    0.0571     0.143     0.188         0      0.37
   100/199     5.64G     0.147         0     0.337     0.484         8       480     0.103     0.369    0.0642     0.161      0.18         0     0.333
   101/199     5.64G     0.112         0     0.336     0.448        10       608     0.103     0.369    0.0642     0.161      0.18         0     0.333
   102/199     5.64G      0.15         0      0.34      0.49         7       384     0.103     0.369    0.0642     0.161      0.18         0     0.333
   103/199     5.64G     0.162         0     0.329      0.49        16       448     0.103     0.369    0.0642     0.161      0.18         0     0.333
   104/199     5.64G     0.134         0     0.324     0.458        21       512     0.103     0.369    0.0642     0.161      0.18         0     0.333
   105/199     5.64G     0.171         0     0.324     0.495         6       352     0.103     0.369    0.0642     0.161      0.18         0     0.333
   106/199     5.64G     0.211         0     0.336     0.547        16       608     0.103     0.369    0.0642     0.161      0.18         0     0.333
   107/199     5.64G      0.13         0     0.343     0.473         8       416     0.103     0.369    0.0642     0.161      0.18         0     0.333
   108/199     5.64G     0.152         0     0.327     0.479        13       480     0.103     0.369    0.0642     0.161      0.18         0     0.333
   109/199     5.64G     0.169         0     0.317     0.487        11       416     0.103     0.369    0.0642     0.161      0.18         0     0.333
   110/199     5.64G     0.164         0     0.315     0.478         9       416      0.12     0.442     0.114     0.188     0.175         0     0.329
   111/199     5.64G      0.13         0     0.317     0.447         7       544      0.12     0.442     0.114     0.188     0.175         0     0.329
   112/199     5.64G     0.122         0     0.319     0.441         6       608      0.12     0.442     0.114     0.188     0.175         0     0.329
   113/199     5.64G     0.115         0     0.319     0.434        11       512      0.12     0.442     0.114     0.188     0.175         0     0.329
   114/199     5.64G      0.19         0     0.328     0.519         7       512      0.12     0.442     0.114     0.188     0.175         0     0.329
   115/199     5.64G     0.119         0     0.324     0.442        10       608      0.12     0.442     0.114     0.188     0.175         0     0.329
   116/199     5.64G     0.119         0     0.313     0.431        11       512      0.12     0.442     0.114     0.188     0.175         0     0.329
   117/199     5.64G     0.204         0     0.331     0.535        10       384      0.12     0.442     0.114     0.188     0.175         0     0.329
   118/199     5.64G     0.148         0     0.319     0.467         6       544      0.12     0.442     0.114     0.188     0.175         0     0.329
   119/199     5.64G      0.17         0     0.316     0.486         9       352      0.12     0.442     0.114     0.188     0.175         0     0.329
   120/199     5.64G     0.157         0     0.307     0.464         8       384     0.125     0.426    0.0866     0.193     0.177         0      0.31
   121/199     5.64G     0.146         0     0.316     0.462        11       544     0.125     0.426    0.0866     0.193     0.177         0      0.31
   122/199     5.64G     0.112         0     0.313     0.425        11       544     0.125     0.426    0.0866     0.193     0.177         0      0.31
   123/199     5.64G     0.113         0     0.305     0.418        12       576     0.125     0.426    0.0866     0.193     0.177         0      0.31
   124/199     5.64G     0.103         0      0.31     0.413        12       608     0.125     0.426    0.0866     0.193     0.177         0      0.31
   125/199     5.64G     0.208         0     0.325     0.533         6       320     0.125     0.426    0.0866     0.193     0.177         0      0.31
   126/199     5.64G     0.165         0     0.322     0.488        16       544     0.125     0.426    0.0866     0.193     0.177         0      0.31
   127/199     5.64G     0.126         0      0.31     0.437        11       480     0.125     0.426    0.0866     0.193     0.177         0      0.31
   128/199     5.64G     0.133         0     0.299     0.433         9       544     0.125     0.426    0.0866     0.193     0.177         0      0.31
   129/199     5.64G     0.165         0     0.299     0.464        12       320     0.125     0.426    0.0866     0.193     0.177         0      0.31
   130/199     5.64G     0.137         0     0.307     0.444        10       416     0.143     0.431      0.11     0.215     0.171         0     0.303
   131/199     5.64G     0.136         0     0.298     0.434         7       576     0.143     0.431      0.11     0.215     0.171         0     0.303
   132/199     5.64G     0.154         0     0.302     0.456        11       352     0.143     0.431      0.11     0.215     0.171         0     0.303
   133/199     5.64G     0.181         0     0.303     0.483        12       320     0.143     0.431      0.11     0.215     0.171         0     0.303
   134/199     5.64G     0.167         0     0.315     0.483        13       512     0.143     0.431      0.11     0.215     0.171         0     0.303
   135/199     5.64G     0.119         0     0.298     0.418         8       512     0.143     0.431      0.11     0.215     0.171         0     0.303
   136/199     5.64G      0.15         0     0.296     0.445        12       320     0.143     0.431      0.11     0.215     0.171         0     0.303
   137/199     5.64G     0.174         0     0.299     0.473        12       416     0.143     0.431      0.11     0.215     0.171         0     0.303
   138/199     5.64G     0.192         0     0.306     0.497        12       320     0.143     0.431      0.11     0.215     0.171         0     0.303
   139/199     5.64G     0.164         0      0.31     0.474        10       576     0.143     0.431      0.11     0.215     0.171         0     0.303
   140/199     5.64G     0.103         0     0.311     0.414        10       608      0.15     0.463     0.125     0.227      0.17         0     0.304
   141/199     5.64G     0.168         0       0.3     0.468        11       416      0.15     0.463     0.125     0.227      0.17         0     0.304
   142/199     5.64G     0.163         0     0.288     0.451         8       352      0.15     0.463     0.125     0.227      0.17         0     0.304
   143/199     5.64G     0.121         0     0.314     0.435        10       608      0.15     0.463     0.125     0.227      0.17         0     0.304
   144/199     5.64G     0.143         0     0.292     0.435         9       448      0.15     0.463     0.125     0.227      0.17         0     0.304
   145/199     5.64G     0.136         0     0.287     0.423         6       448      0.15     0.463     0.125     0.227      0.17         0     0.304
   146/199     5.64G     0.153         0      0.28     0.433        14       352      0.15     0.463     0.125     0.227      0.17         0     0.304
   147/199     5.64G     0.151         0     0.286     0.437         9       544      0.15     0.463     0.125     0.227      0.17         0     0.304
   148/199     5.64G     0.113         0     0.288     0.401         6       512      0.15     0.463     0.125     0.227      0.17         0     0.304
   149/199     5.64G     0.171         0     0.284     0.455         9       320      0.15     0.463     0.125     0.227      0.17         0     0.304
   150/199     5.64G     0.171         0      0.29     0.461         5       448     0.153     0.504      0.16     0.235      0.16         0     0.395
   151/199     5.64G     0.115         0     0.289     0.404         8       544     0.153     0.504      0.16     0.235      0.16         0     0.395
   152/199     5.64G      0.16         0     0.289     0.448         7       448     0.153     0.504      0.16     0.235      0.16         0     0.395
   153/199     5.64G     0.142         0     0.279      0.42        17       384     0.153     0.504      0.16     0.235      0.16         0     0.395
   154/199     5.64G     0.117         0     0.292      0.41        11       480     0.153     0.504      0.16     0.235      0.16         0     0.395
   155/199     5.64G     0.141         0     0.281     0.423         7       352     0.153     0.504      0.16     0.235      0.16         0     0.395
   156/199     5.64G     0.161         0     0.279      0.44         6       384     0.153     0.504      0.16     0.235      0.16         0     0.395
   157/199     5.64G     0.145         0      0.28     0.425         5       320     0.153     0.504      0.16     0.235      0.16         0     0.395
   158/199     5.64G     0.184         0     0.283     0.468        12       320     0.153     0.504      0.16     0.235      0.16         0     0.395
   159/199     5.64G     0.186         0     0.282     0.468         7       320     0.153     0.504      0.16     0.235      0.16         0     0.395
   160/199     5.64G     0.139         0     0.271     0.409        11       448     0.169     0.546     0.172     0.258      0.16         0      0.28
   161/199     5.64G     0.114         0     0.282     0.396        10       576     0.169     0.546     0.172     0.258      0.16         0      0.28
   162/199     5.64G     0.116         0     0.276     0.392        13       480     0.169     0.546     0.172     0.258      0.16         0      0.28
   163/199     5.64G     0.111         0     0.284     0.395        18       608     0.169     0.546     0.172     0.258      0.16         0      0.28
   164/199     5.64G     0.147         0     0.288     0.435         6       320     0.169     0.546     0.172     0.258      0.16         0      0.28
   165/199     5.64G     0.104         0     0.307     0.411         7       544     0.169     0.546     0.172     0.258      0.16         0      0.28
   166/199     5.64G     0.106         0     0.283     0.388         9       544     0.169     0.546     0.172     0.258      0.16         0      0.28
   167/199     5.64G     0.107         0     0.274     0.381         9       512     0.169     0.546     0.172     0.258      0.16         0      0.28
   168/199     5.64G     0.111         0     0.267     0.378        10       576     0.169     0.546     0.172     0.258      0.16         0      0.28
   169/199     5.64G     0.129         0     0.272     0.401         7       384     0.169     0.546     0.172     0.258      0.16         0      0.28
   170/199     5.64G     0.138         0     0.264     0.402         9       512     0.178     0.496     0.164     0.262     0.164         0     0.277
   171/199     5.64G     0.102         0     0.272     0.374        12       608     0.178     0.496     0.164     0.262     0.164         0     0.277
   172/199     5.64G     0.115         0     0.272     0.387        15       448     0.178     0.496     0.164     0.262     0.164         0     0.277
   173/199     5.64G     0.179         0     0.272      0.45        22       384     0.178     0.496     0.164     0.262     0.164         0     0.277
   174/199     5.64G     0.152         0     0.268      0.42        12       384     0.178     0.496     0.164     0.262     0.164         0     0.277
   175/199     5.64G     0.133         0     0.265     0.398         6       448     0.178     0.496     0.164     0.262     0.164         0     0.277
   176/199     5.64G     0.117         0     0.264     0.381         9       480     0.178     0.496     0.164     0.262     0.164         0     0.277
   177/199     5.64G     0.118         0     0.261      0.38         6       480     0.178     0.496     0.164     0.262     0.164         0     0.277
   178/199     5.64G     0.148         0     0.267     0.415        15       480     0.178     0.496     0.164     0.262     0.164         0     0.277
   179/199     5.64G     0.105         0     0.273     0.378         7       608     0.178     0.496     0.164     0.262     0.164         0     0.277
   180/199     5.64G      0.15         0     0.286     0.435        11       320     0.179     0.523      0.19     0.266     0.157         0     0.275
