     0/299     2.11G      1.28         0     0.633      1.92         6       608         0         0         0         0         0         0         0
     1/299     2.11G      1.28         0     0.532      1.82         6       608         0         0         0         0         0         0         0
     2/299     2.11G      1.28         0     0.549      1.83         6       608         0         0         0         0         0         0         0
     3/299     2.11G      1.28         0     0.478      1.76         4       608         0         0         0         0         0         0         0
     4/299     2.52G      1.17         0      2.11      3.29         8       608         0         0         0         0         0         0         0
     5/299     2.52G      1.14         0      3.28      4.42         6       608         0         0         0         0         0         0         0
     6/299     2.52G      1.04         0      3.54      4.58         4       608         0         0         0         0         0         0         0
     7/299      2.6G         1         0      2.06      3.06         8       608         0         0         0         0         0         0         0
     8/299      2.6G     0.903         0      1.66      2.57         8       608         0         0         0         0         0         0         0
     9/299      2.6G     0.878         0      1.41      2.29         8       608         0         0         0         0         0         0         0
    10/299      2.6G     0.868         0      2.11      2.98         6       608         0         0         0         0         0         0         0
    11/299      2.6G      0.87         0      2.12      2.99         4       608         0         0         0         0         0         0         0
    12/299      2.6G     0.802         0     0.535      1.34         6       608         0         0         0         0         0         0         0
    13/299      2.6G      0.78         0      0.15      0.93         6       608         0         0         0         0         0         0         0
    14/299      2.6G     0.704         0     0.349      1.05         6       608         0         0         0         0         0         0         0
    15/299      2.6G     0.687         0     0.132     0.819         6       608         0         0         0         0         0         0         0
    16/299      2.6G      0.62         0     0.549      1.17         4       608         0         0         0         0         0         0         0
    17/299      2.6G     0.602         0     0.129     0.731         4       608         0         0         0         0         0         0         0
    18/299      2.6G     0.543         0     0.252     0.795         8       608         0         0         0         0         0         0         0
    19/299      2.6G     0.533         0     0.301     0.834         6       608         0         0         0         0         0         0         0
    20/299      2.6G     0.507         0     0.509      1.02         6       608         0         0         0         0         0         0         0
    21/299      2.6G     0.492         0     0.137      0.63         6       608         0         0         0         0         0         0         0
    22/299      2.6G     0.452         0     0.123     0.575         6       608         0         0         0         0         0         0         0
    23/299      2.6G     0.433         0     0.103     0.535         8       608         0         0         0         0         0         0         0
    24/299      2.6G     0.407         0    0.0966     0.504         4       608         0         0         0         0         0         0         0
    25/299      2.6G     0.405         0    0.0953       0.5         8       608         0         0         0         0         0         0         0
    26/299      2.6G     0.373         0    0.0827     0.455         4       608         0         0         0         0         0         0         0
    27/299      2.6G     0.358         0    0.0864     0.444         4       608         0         0         0         0         0         0         0
    28/299      2.6G     0.338         0     0.094     0.432         6       608         0         0         0         0         0         0         0
    29/299      2.6G      0.34         0    0.0708     0.411         8       608         0         0         0         0         0         0         0
    30/299      2.6G     0.315         0     0.116     0.431         6       608         0         0         0         0         0         0         0
    31/299      2.6G     0.304         0     0.267     0.571         6       608         0         0         0         0         0         0         0
    32/299      2.6G     0.308         0     0.144     0.452         6       608         0         0         0         0         0         0         0
    33/299      2.6G     0.303         0     0.115     0.418         6       608         0         0         0         0         0         0         0
    34/299      2.6G     0.294         0    0.0723     0.366         8       608         0         0         0         0         0         0         0
    35/299      2.6G     0.285         0    0.0716     0.356         6       608         0         0         0         0         0         0         0
    36/299      2.6G     0.266         0     0.177     0.443         4       608         0         0         0         0         0         0         0
    37/299      2.6G     0.264         0    0.0792     0.343         4       608         0         0         0         0         0         0         0
    38/299      2.6G     0.262         0     0.063     0.325         8       608         0         0         0         0         0         0         0
    39/299      2.6G     0.256         0    0.0587     0.315         4       608         0         0         0         0         0         0         0
    40/299      2.6G     0.258         0    0.0727     0.331         6       608         0         0         0         0         0         0         0
    41/299      2.6G     0.252         0    0.0573     0.309         4       608         0         0         0         0         0         0         0
    42/299      2.6G     0.243         0    0.0756     0.318         6       608         0         0         0         0         0         0         0
    43/299      2.6G     0.236         0     0.084      0.32         6       608         0         0         0         0         0         0         0
    44/299      2.6G     0.233         0    0.0773      0.31         6       608         0         0         0         0         0         0         0
    45/299      2.6G     0.225         0    0.0741       0.3         6       608         0         0         0         0         0         0         0
    46/299      2.6G     0.219         0    0.0541     0.273         8       608         0         0         0         0         0         0         0
    47/299      2.6G     0.211         0    0.0611     0.273         6       608         0         0         0         0         0         0         0
    48/299      2.6G     0.211         0    0.0606     0.271         6       608         0         0         0         0         0         0         0
    49/299      2.6G     0.208         0    0.0678     0.275         6       608         0         0         0         0         0         0         0
    50/299      2.6G     0.206         0    0.0829     0.289         4       608         0         0         0         0         0         0         0
    51/299      2.6G     0.204         0    0.0832     0.287         6       608         0         0         0         0         0         0         0
    52/299      2.6G     0.201         0    0.0498     0.251         6       608         0         0         0         0         0         0         0
    53/299      2.6G     0.196         0    0.0628     0.259         4       608         0         0         0         0         0         0         0
    54/299      2.6G     0.191         0    0.0593      0.25         6       608         0         0         0         0         0         0         0
    55/299      2.6G     0.189         0    0.0555     0.244         4       608         0         0         0         0         0         0         0
    56/299      2.6G     0.187         0    0.0617     0.249         8       608         0         0         0         0         0         0         0
    57/299      2.6G     0.182         0    0.0637     0.246         8       608         0         0         0         0         0         0         0
    58/299      2.6G     0.186         0    0.0511     0.237         4       608         0         0         0         0         0         0         0
    59/299      2.6G     0.184         0    0.0693     0.253         6       608         0         0         0         0         0         0         0
    60/299      2.6G     0.177         0    0.0588     0.236         8       608         0         0         0         0         0         0         0
    61/299      2.6G     0.175         0    0.0553      0.23         8       608         0         0         0         0         0         0         0
    62/299      2.6G     0.167         0    0.0541     0.221         4       608         0         0         0         0         0         0         0
    63/299      2.6G     0.172         0    0.0561     0.228         6       608         0         0         0         0         0         0         0
    64/299      2.6G     0.169         0    0.0547     0.223         4       608         0         0         0         0         0         0         0
    65/299      2.6G     0.169         0    0.0448     0.214         6       608         0         0         0         0         0         0         0
    66/299      2.6G     0.173         0    0.0541     0.227         8       608         0         0         0         0         0         0         0
    67/299      2.6G      0.16         0    0.0538     0.214         4       608         0         0         0         0         0         0         0
    68/299      2.6G     0.158         0    0.0508     0.209         6       608         0         0         0         0         0         0         0
    69/299      2.6G      0.16         0    0.0577     0.218         4       608         0         0         0         0         0         0         0
    70/299      2.6G     0.166         0    0.0442      0.21         6       608         0         0         0         0         0         0         0
    71/299      2.6G     0.158         0    0.0545     0.213         8       608         0         0         0         0         0         0         0
    72/299      2.6G     0.153         0    0.0538     0.207         8       608         0         0         0         0         0         0         0
    73/299      2.6G     0.165         0    0.0488     0.214         4       608         0         0         0         0         0         0         0
    74/299      2.6G     0.157         0    0.0523     0.209         6       608         0         0         0         0         0         0         0
    75/299      2.6G     0.158         0    0.0511     0.209         4       608         0         0         0         0         0         0         0
    76/299      2.6G     0.149         0    0.0566     0.205         4       608         0         0         0         0         0         0         0
    77/299      2.6G      0.16         0    0.0541     0.214         4       608         0         0         0         0         0         0         0
    78/299      2.6G      0.15         0    0.0577     0.208         6       608         0         0         0         0         0         0         0
    79/299      2.6G     0.156         0     0.042     0.198         6       608         0         0         0         0         0         0         0
    80/299      2.6G     0.151         0    0.0525     0.204         6       608         0         0         0         0         0         0         0
    81/299      2.6G     0.151         0    0.0556     0.207         6       608         0         0         0         0         0         0         0
    82/299      2.6G      0.15         0    0.0526     0.202         8       608         0         0         0         0         0         0         0
    83/299      2.6G     0.147         0    0.0493     0.196         8       608         0         0         0         0         0         0         0
    84/299      2.6G     0.152         0    0.0501     0.202         8       608         0         0         0         0         0         0         0
    85/299      2.6G     0.147         0    0.0494     0.197         6       608         0         0         0         0         0         0         0
    86/299      2.6G     0.144         0    0.0423     0.186         6       608         0         0         0         0         0         0         0
    87/299      2.6G     0.146         0    0.0482     0.194         6       608         0         0         0         0         0         0         0
    88/299      2.6G     0.145         0    0.0486     0.193         8       608         0         0         0         0         0         0         0
    89/299      2.6G     0.145         0    0.0539     0.198         6       608         0         0         0         0         0         0         0
    90/299      2.6G     0.149         0    0.0469     0.196         8       608         0         0         0         0         0         0         0
    91/299      2.6G     0.142         0    0.0387      0.18         2       608         0         0         0         0         0         0         0
    92/299      2.6G     0.142         0    0.0566     0.198         8       608         0         0         0         0         0         0         0
    93/299      2.6G     0.138         0    0.0497     0.187         4       608         0         0         0         0         0         0         0
    94/299      2.6G     0.144         0    0.0558       0.2         4       608         0         0         0         0         0         0         0
    95/299      2.6G     0.139         0    0.0483     0.188         4       608         0         0         0         0         0         0         0
    96/299      2.6G     0.137         0    0.0479     0.185         6       608         0         0         0         0         0         0         0
    97/299      2.6G     0.139         0    0.0485     0.188         8       608         0         0         0         0         0         0         0
    98/299      2.6G     0.139         0    0.0477     0.186         4       608         0         0         0         0         0         0         0
    99/299      2.6G     0.142         0    0.0495     0.191         6       608         0         0         0         0         0         0         0
   100/299      2.6G     0.137         0    0.0479     0.185         6       608         0         0         0         0         0         0         0
   101/299      2.6G     0.139         0    0.0386     0.177         2       608         0         0         0         0         0         0         0
   102/299      2.6G     0.132         0    0.0403     0.173         6       608         0         0         0         0         0         0         0
   103/299      2.6G     0.135         0    0.0349      0.17         6       608         0         0         0         0         0         0         0
   104/299      2.6G     0.137         0    0.0357     0.173         6       608         0         0         0         0         0         0         0
   105/299      2.6G     0.135         0    0.0402     0.175         6       608         0         0         0         0         0         0         0
   106/299      2.6G     0.136         0    0.0488     0.185         6       608         0         0         0         0         0         0         0
   107/299      2.6G     0.135         0    0.0459     0.181         6       608         0         0         0         0         0         0         0
   108/299      2.6G     0.133         0    0.0454     0.179         4       608         0         0         0         0         0         0         0
   109/299      2.6G     0.136         0     0.048     0.184         6       608         0         0         0         0         0         0         0
   110/299      2.6G     0.138         0    0.0437     0.181         4       608         0         0         0         0         0         0         0
   111/299      2.6G     0.139         0    0.0386     0.178         6       608         0         0         0         0         0         0         0
   112/299      2.6G     0.131         0    0.0444     0.176         6       608         0         0         0         0         0         0         0
   113/299      2.6G      0.13         0    0.0457     0.176         8       608         0         0         0         0         0         0         0
   114/299      2.6G     0.132         0    0.0375     0.169         4       608         0         0         0         0         0         0         0
   115/299      2.6G     0.129         0    0.0511      0.18         4       608         0         0         0         0         0         0         0
   116/299      2.6G     0.133         0    0.0481     0.181         4       608         0         0         0         0         0         0         0
   117/299      2.6G     0.131         0    0.0489      0.18         6       608         0         0         0         0         0         0         0
   118/299      2.6G     0.131         0    0.0501     0.181         4       608         0         0         0         0         0         0         0
   119/299      2.6G     0.125         0    0.0419     0.167         4       608         0         0         0         0         0         0         0
   120/299      2.6G     0.133         0    0.0443     0.177         6       608         0         0         0         0         0         0         0
   121/299      2.6G     0.135         0    0.0471     0.182         6       608         0         0         0         0         0         0         0
   122/299      2.6G     0.128         0    0.0411     0.169         4       608         0         0         0         0         0         0         0
   123/299      2.6G     0.127         0    0.0426      0.17         6       608         0         0         0         0         0         0         0
   124/299      2.6G     0.127         0    0.0451     0.172         6       608         0         0         0         0         0         0         0
   125/299      2.6G     0.125         0    0.0402     0.165         6       608         0         0         0         0         0         0         0
   126/299      2.6G      0.13         0    0.0432     0.174         4       608         0         0         0         0         0         0         0
   127/299      2.6G     0.128         0    0.0386     0.167         6       608         0         0         0         0         0         0         0
   128/299      2.6G     0.125         0    0.0447      0.17         4       608         0         0         0         0         0         0         0
   129/299      2.6G     0.129         0    0.0446     0.174         4       608         0         0         0         0         0         0         0
   130/299      2.6G     0.124         0    0.0399     0.164         6       608         0         0         0         0         0         0         0
   131/299      2.6G     0.126         0    0.0335      0.16         6       608         0         0         0         0         0         0         0
   132/299      2.6G     0.129         0    0.0383     0.167         6       608         0         0         0         0         0         0         0
   133/299      2.6G     0.127         0    0.0434     0.171         6       608         0         0         0         0         0         0         0
   134/299      2.6G     0.124         0     0.041     0.165         6       608         0         0         0         0         0         0         0
   135/299      2.6G     0.125         0    0.0348      0.16         6       608         0         0         0         0         0         0         0
   136/299      2.6G     0.132         0    0.0435     0.176         8       608         0         0         0         0         0         0         0
   137/299      2.6G     0.124         0    0.0477     0.172         4       608         0         0         0         0         0         0         0
   138/299      2.6G     0.128         0    0.0449     0.173         4       608         0         0         0         0         0         0         0
   139/299      2.6G     0.124         0    0.0334     0.158         6       608         0         0         0         0         0         0         0
   140/299      2.6G      0.12         0    0.0425     0.162         6       608         0         0         0         0         0         0         0
   141/299      2.6G     0.128         0    0.0452     0.173         6       608         0         0         0         0         0         0         0
   142/299      2.6G     0.125         0    0.0433     0.168         4       608         0         0         0         0         0         0         0
   143/299      2.6G     0.125         0    0.0372     0.162         6       608         0         0         0         0         0         0         0
   144/299      2.6G     0.125         0    0.0463     0.171         4       608         0         0         0         0         0         0         0
   145/299      2.6G     0.127         0    0.0414     0.168         4       608         0         0         0         0         0         0         0
   146/299      2.6G     0.123         0     0.046     0.169         4       608         0         0         0         0         0         0         0
   147/299      2.6G     0.123         0    0.0446     0.167         6       608         0         0         0         0         0         0         0
   148/299      2.6G     0.121         0    0.0347     0.156         6       608         0         0         0         0         0         0         0
   149/299      2.6G     0.119         0    0.0355     0.154         2       608         0         0         0         0         0         0         0
   150/299      2.6G     0.121         0    0.0495      0.17         8       608         0         0         0         0         0         0         0
   151/299      2.6G     0.122         0    0.0391     0.161         8       608         0         0         0         0         0         0         0
   152/299      2.6G     0.119         0    0.0471     0.166         8       608         0         0         0         0         0         0         0
   153/299      2.6G     0.122         0    0.0407     0.162         4       608         0         0         0         0         0         0         0
   154/299      2.6G     0.121         0    0.0352     0.157         2       608         0         0         0         0         0         0         0
   155/299      2.6G     0.122         0    0.0495     0.172         4       608         0         0         0         0         0         0         0
   156/299      2.6G     0.121         0    0.0402     0.161         4       608         0         0         0         0         0         0         0
   157/299      2.6G     0.123         0    0.0385     0.162         2       608         0         0         0         0         0         0         0
   158/299      2.6G     0.125         0    0.0355     0.161         6       608         0         0         0         0         0         0         0
   159/299      2.6G     0.118         0    0.0372     0.155         6       608         0         0         0         0         0         0         0
   160/299      2.6G     0.119         0    0.0397     0.159         8       608         0         0         0         0         0         0         0
   161/299      2.6G     0.118         0    0.0447     0.163         6       608         0         0         0         0         0         0         0
   162/299      2.6G     0.123         0    0.0455     0.169         4       608         0         0         0         0         0         0         0
   163/299      2.6G     0.116         0     0.037     0.153         6       608         0         0         0         0         0         0         0
   164/299      2.6G     0.121         0     0.043     0.164         4       608         0         0         0         0         0         0         0
   165/299      2.6G      0.12         0     0.034     0.154         6       608         0         0         0         0         0         0         0
   166/299      2.6G     0.118         0    0.0331     0.151         2       608         0         0         0         0         0         0         0
   167/299      2.6G     0.117         0    0.0363     0.154         8       608         0         0         0         0         0         0         0
   168/299      2.6G     0.119         0     0.034     0.153         6       608         0         0         0         0         0         0         0
   169/299      2.6G     0.122         0     0.043     0.165         4       608         0         0         0         0         0         0         0
   170/299      2.6G     0.123         0    0.0474      0.17         4       608         0         0         0         0         0         0         0
   171/299      2.6G     0.126         0    0.0409     0.167         6       608         0         0         0         0         0         0         0
   172/299      2.6G     0.126         0    0.0413     0.167         6       608         0         0         0         0         0         0         0
   173/299      2.6G     0.119         0    0.0428     0.162         6       608         0         0         0         0         0         0         0
   174/299      2.6G     0.123         0    0.0407     0.164         6       608         0         0         0         0         0         0         0
   175/299      2.6G     0.121         0    0.0404     0.162         4       608         0         0         0         0         0         0         0
   176/299      2.6G      0.12         0    0.0412     0.161         8       608         0         0         0         0         0         0         0
   177/299      2.6G     0.116         0    0.0444      0.16         2       608         0         0         0         0         0         0         0
   178/299      2.6G     0.114         0    0.0442     0.158         6       608         0         0         0         0         0         0         0
   179/299      2.6G     0.117         0    0.0415     0.158         6       608         0         0         0         0         0         0         0
   180/299      2.6G      0.12         0    0.0338     0.154         8       608         0         0         0         0         0         0         0
   181/299      2.6G     0.116         0    0.0357     0.152         6       608         0         0         0         0         0         0         0
   182/299      2.6G     0.117         0    0.0479     0.165         6       608         0         0         0         0         0         0         0
   183/299      2.6G     0.118         0    0.0438     0.162         8       608         0         0         0         0         0         0         0
   184/299      2.6G     0.118         0    0.0392     0.157         6       608         0         0         0         0         0         0         0
   185/299      2.6G     0.116         0    0.0355     0.151         4       608         0         0         0         0         0         0         0
   186/299      2.6G     0.116         0    0.0349      0.15         8       608         0         0         0         0         0         0         0
   187/299      2.6G     0.119         0    0.0337     0.153         6       608         0         0         0         0         0         0         0
   188/299      2.6G     0.113         0    0.0439     0.157         6       608         0         0         0         0         0         0         0
   189/299      2.6G     0.113         0    0.0359     0.149         6       608         0         0         0         0         0         0         0
   190/299      2.6G     0.115         0    0.0404     0.155         6       608         0         0         0         0         0         0         0
   191/299      2.6G     0.116         0    0.0316     0.148         4       608         0         0         0         0         0         0         0
   192/299      2.6G     0.115         0    0.0392     0.154         4       608         0         0         0         0         0         0         0
   193/299      2.6G     0.119         0      0.04     0.159         4       608         0         0         0         0         0         0         0
   194/299      2.6G     0.117         0    0.0425      0.16         4       608         0         0         0         0         0         0         0
   195/299      2.6G     0.112         0    0.0346     0.147         8       608         0         0         0         0         0         0         0
   196/299      2.6G     0.116         0    0.0457     0.162         8       608         0         0         0         0         0         0         0
   197/299      2.6G     0.114         0    0.0373     0.152         6       608         0         0         0         0         0         0         0
   198/299      2.6G     0.114         0    0.0372     0.151         8       608         0         0         0         0         0         0         0
   199/299      2.6G     0.114         0    0.0313     0.145         8       608         0         0         0         0         0         0         0
   200/299      2.6G     0.116         0    0.0388     0.155         6       608         0         0         0         0         0         0         0
   201/299      2.6G     0.113         0    0.0374      0.15         4       608         0         0         0         0         0         0         0
   202/299      2.6G     0.115         0     0.043     0.157         4       608         0         0         0         0         0         0         0
   203/299      2.6G     0.111         0    0.0397     0.151         4       608         0         0         0         0         0         0         0
   204/299      2.6G     0.121         0    0.0344     0.156         2       608         0         0         0         0         0         0         0
   205/299      2.6G     0.113         0    0.0366     0.149         6       608         0         0         0         0         0         0         0
   206/299      2.6G     0.117         0    0.0367     0.154         8       608         0         0         0         0         0         0         0
   207/299      2.6G     0.117         0    0.0409     0.158         4       608         0         0         0         0         0         0         0
   208/299      2.6G     0.115         0    0.0374     0.152         6       608         0         0         0         0         0         0         0
   209/299      2.6G     0.115         0    0.0436     0.159         4       608         0         0         0         0         0         0         0
   210/299      2.6G     0.117         0    0.0406     0.157         8       608         0         0         0         0         0         0         0
   211/299      2.6G      0.12         0    0.0376     0.158         6       608         0         0         0         0         0         0         0
   212/299      2.6G     0.113         0    0.0389     0.151         6       608         0         0         0         0         0         0         0
   213/299      2.6G      0.11         0    0.0453     0.155         4       608         0         0         0         0         0         0         0
   214/299      2.6G     0.116         0    0.0438      0.16         6       608         0         0         0         0         0         0         0
   215/299      2.6G     0.115         0    0.0426     0.157         8       608         0         0         0         0         0         0         0
   216/299      2.6G     0.111         0    0.0337     0.145         6       608         0         0         0         0         0         0         0
   217/299      2.6G     0.111         0    0.0443     0.155         6       608         0         0         0         0         0         0         0
   218/299      2.6G     0.111         0    0.0399     0.151         4       608         0         0         0         0         0         0         0
   219/299      2.6G     0.116         0    0.0407     0.156         4       608         0         0         0         0         0         0         0
   220/299      2.6G     0.114         0    0.0416     0.155         8       608         0         0         0         0         0         0         0
   221/299      2.6G     0.111         0     0.031     0.142         8       608         0         0         0         0         0         0         0
   222/299      2.6G     0.115         0    0.0394     0.155         8       608         0         0         0         0         0         0         0
   223/299      2.6G     0.108         0    0.0339     0.142         6       608         0         0         0         0         0         0         0
   224/299      2.6G      0.11         0      0.04      0.15         6       608         0         0         0         0         0         0         0
   225/299      2.6G     0.111         0    0.0315     0.142         6       608         0         0         0         0         0         0         0
   226/299      2.6G     0.112         0    0.0476      0.16         8       608         0         0         0         0         0         0         0
   227/299      2.6G     0.113         0     0.042     0.155         4       608         0         0         0         0         0         0         0
   228/299      2.6G      0.11         0    0.0373     0.147         6       608         0         0         0         0         0         0         0
   229/299      2.6G     0.108         0     0.035     0.143         4       608         0         0         0         0         0         0         0
   230/299      2.6G     0.113         0    0.0387     0.152         6       608         0         0         0         0         0         0         0
   231/299      2.6G     0.112         0    0.0469     0.159         8       608         0         0         0         0         0         0         0
   232/299      2.6G     0.111         0    0.0349     0.146         6       608         0         0         0         0         0         0         0
   233/299      2.6G     0.111         0    0.0352     0.146         8       608         0         0         0         0         0         0         0
   234/299      2.6G     0.108         0     0.033     0.141         6       608         0         0         0         0         0         0         0
   235/299      2.6G     0.111         0     0.045     0.156         8       608         0         0         0         0         0         0         0
   236/299      2.6G     0.109         0     0.039     0.148         4       608         0         0         0         0         0         0         0
   237/299      2.6G      0.11         0    0.0391     0.149         8       608         0         0         0         0         0         0         0
   238/299      2.6G     0.114         0    0.0293     0.144         8       608         0         0         0         0         0         0         0
   239/299      2.6G     0.108         0    0.0392     0.147         4       608         0         0         0         0         0         0         0
   240/299      2.6G     0.107         0     0.039     0.146         6       608         0         0         0         0         0         0         0
   241/299      2.6G     0.108         0    0.0405     0.149         4       608         0         0         0         0         0         0         0
   242/299      2.6G     0.115         0    0.0314     0.146         6       608         0         0         0         0         0         0         0
   243/299      2.6G     0.108         0    0.0298     0.138         6       608         0         0         0         0         0         0         0
   244/299      2.6G     0.114         0    0.0359      0.15         4       608         0         0         0         0         0         0         0
   245/299      2.6G     0.108         0    0.0384     0.146         6       608         0         0         0         0         0         0         0
   246/299      2.6G     0.109         0    0.0354     0.145         6       608         0         0         0         0         0         0         0
   247/299      2.6G     0.107         0    0.0287     0.136         6       608         0         0         0         0         0         0         0
   248/299      2.6G     0.107         0    0.0357     0.143         4       608         0         0         0         0         0         0         0
   249/299      2.6G     0.107         0    0.0351     0.142         6       608         0         0         0         0         0         0         0
   250/299      2.6G     0.107         0    0.0376     0.144         4       608         0         0         0         0         0         0         0
   251/299      2.6G     0.108         0    0.0397     0.148         4       608         0         0         0         0         0         0         0
   252/299      2.6G     0.106         0    0.0364     0.142         6       608         0         0         0         0         0         0         0
   253/299      2.6G     0.108         0    0.0347     0.142         4       608         0         0         0         0         0         0         0
   254/299      2.6G     0.111         0     0.037     0.148         8       608         0         0         0         0         0         0         0
   255/299      2.6G     0.105         0    0.0336     0.138         4       608         0         0         0         0         0         0         0
   256/299      2.6G     0.109         0    0.0351     0.144         6       608         0         0         0         0         0         0         0
   257/299      2.6G     0.112         0    0.0319     0.144         6       608         0         0         0         0         0         0         0
   258/299      2.6G     0.115         0    0.0376     0.153         6       608         0         0         0         0         0         0         0
   259/299      2.6G      0.11         0    0.0438     0.154         8       608         0         0         0         0         0         0         0
   260/299      2.6G     0.106         0    0.0341      0.14         6       608         0         0         0         0         0         0         0
   261/299      2.6G     0.113         0    0.0292     0.143         8       608         0         0         0         0         0         0         0
   262/299      2.6G     0.106         0    0.0377     0.144         8       608         0         0         0         0         0         0         0
   263/299      2.6G     0.104         0    0.0329     0.137         6       608         0         0         0         0         0         0         0
   264/299      2.6G     0.106         0    0.0376     0.144         8       608         0         0         0         0         0         0         0
   265/299      2.6G     0.106         0    0.0329     0.139         6       608         0         0         0         0         0         0         0
   266/299      2.6G     0.111         0    0.0382     0.149         4       608         0         0         0         0         0         0         0
   267/299      2.6G     0.108         0    0.0353     0.143         4       608         0         0         0         0         0         0         0
   268/299      2.6G     0.111         0    0.0346     0.146         4       608         0         0         0         0         0         0         0
   269/299      2.6G     0.107         0    0.0312     0.138         4       608         0         0         0         0         0         0         0
   270/299      2.6G     0.107         0     0.033      0.14         4       608         0         0         0         0         0         0         0
   271/299      2.6G      0.11         0    0.0341     0.144         6       608         0         0         0         0         0         0         0
   272/299      2.6G     0.109         0    0.0407     0.149         6       608         0         0         0         0         0         0         0
   273/299      2.6G     0.105         0    0.0316     0.137         6       608         0         0         0         0         0         0         0
   274/299      2.6G     0.106         0    0.0344      0.14         6       608         0         0         0         0         0         0         0
   275/299      2.6G     0.106         0    0.0369     0.143         6       608         0         0         0         0         0         0         0
   276/299      2.6G     0.108         0    0.0334     0.141         8       608         0         0         0         0         0         0         0
   277/299      2.6G      0.11         0    0.0366     0.146         6       608         0         0         0         0         0         0         0
   278/299      2.6G     0.108         0    0.0332     0.142         6       608         0         0         0         0         0         0         0
   279/299      2.6G     0.111         0    0.0329     0.144         8       608         0         0         0         0         0         0         0
   280/299      2.6G     0.108         0     0.031     0.139         4       608         0         0         0         0         0         0         0
   281/299      2.6G     0.106         0    0.0258     0.132         6       608         0         0         0         0         0         0         0
   282/299      2.6G      0.11         0    0.0338     0.143         4       608         0         0         0         0         0         0         0
   283/299      2.6G     0.105         0    0.0313     0.137         2       608         0         0         0         0         0         0         0
   284/299      2.6G      0.11         0    0.0389     0.149         4       608         0         0         0         0         0         0         0
   285/299      2.6G     0.108         0    0.0304     0.138         6       608         0         0         0         0         0         0         0
   286/299      2.6G      0.11         0    0.0395     0.149         4       608         0         0         0         0         0         0         0
   287/299      2.6G      0.11         0     0.036     0.146         4       608         0         0         0         0         0         0         0
   288/299      2.6G     0.106         0    0.0251     0.131         6       608         0         0         0         0         0         0         0
   289/299      2.6G     0.106         0    0.0364     0.143         4       608         0         0         0         0         0         0         0
   290/299      2.6G     0.106         0    0.0327     0.139         8       608         0         0         0         0         0         0         0
   291/299      2.6G     0.108         0    0.0302     0.138         6       608         0         0         0         0         0         0         0
   292/299      2.6G     0.113         0    0.0317     0.144         4       608         0         0         0         0         0         0         0
   293/299      2.6G     0.107         0    0.0407     0.148         6       608         0         0         0         0         0         0         0
   294/299      2.6G      0.11         0    0.0375     0.148         6       608         0         0         0         0         0         0         0
