     0/299     5.97G     0.264         0     0.344     0.608        22       608         0         0         0         0         0         0         0
     1/299     5.98G     0.264         0     0.345     0.609        22       608         0         0         0         0         0         0         0
     2/299     5.98G     0.264         0     0.344     0.608        22       608         0         0         0         0         0         0         0
     3/299     5.98G     0.264         0     0.345     0.609        22       608         0         0         0         0         0         0         0
     4/299        6G      0.24         0       2.4      2.64        22       608         0         0         0         0         0         0         0
     5/299     6.01G     0.226         0      1.92      2.14        22       608         0         0         0         0         0         0         0
     6/299     6.01G     0.214         0      1.17      1.38        22       608         0         0         0         0         0         0         0
     7/299     6.01G       0.2         0     0.166     0.366        22       608         0         0         0         0         0         0         0
     8/299     6.01G     0.187         0    0.0609     0.248        22       608         0         0         0         0         0         0         0
     9/299     6.01G     0.176         0    0.0544     0.231        22       608         0         0         0         0         0         0         0
    10/299     6.01G     0.167         0    0.0515     0.218        22       608         0         0         0         0         0         0         0
    11/299     6.01G     0.158         0    0.0488     0.207        22       608         0         0         0         0         0         0         0
    12/299     6.01G     0.151         0    0.0461     0.197        22       608         0         0         0         0         0         0         0
    13/299     6.01G     0.145         0    0.0429     0.188        22       608         0         0         0         0         0         0         0
    14/299     6.01G     0.139         0    0.0395     0.179        22       608         0         0         0         0         0         0         0
    15/299     6.01G     0.134         0    0.0364     0.171        22       608         0         0         0         0         0         0         0
    16/299     6.01G      0.13         0    0.0344     0.164        22       608         0         0         0         0         0         0         0
    17/299     6.01G     0.126         0    0.0329     0.159        22       608         0         0         0         0         0         0         0
    18/299     6.01G     0.122         0    0.0319     0.154        22       608         0         0         0         0         0         0         0
    19/299     6.01G     0.119         0     0.031      0.15        22       608         0         0         0         0         0         0         0
    20/299     6.01G     0.116         0    0.0302     0.146        22       608         0         0         0         0         0         0         0
    21/299     6.01G     0.113         0    0.0304     0.143        22       608         0         0         0         0         0         0         0
    22/299     6.01G      0.11         0    0.0304     0.141        22       608         0         0         0         0         0         0         0
    23/299     6.01G     0.108         0    0.0299     0.138        22       608         0         0         0         0         0         0         0
    24/299     6.01G     0.106         0    0.0288     0.135        22       608         0         0         0         0         0         0         0
    25/299     6.01G     0.105         0    0.0277     0.132        22       608         0         0         0         0         0         0         0
    26/299     6.01G     0.103         0    0.0272      0.13        22       608         0         0         0         0         0         0         0
    27/299     6.01G     0.102         0    0.0269     0.129        22       608         0         0         0         0         0         0         0
    28/299     6.01G       0.1         0    0.0265     0.127        22       608         0         0         0         0         0         0         0
    29/299     6.01G    0.0992         0    0.0265     0.126        22       608         0         0         0         0         0         0         0
    30/299     6.01G    0.0981         0    0.0264     0.124        22       608         0         0         0         0         0         0         0
    31/299     6.01G     0.097         0    0.0262     0.123        22       608         0         0         0         0         0         0         0
    32/299     6.01G    0.0961         0    0.0257     0.122        22       608         0         0         0         0         0         0         0
    33/299     6.01G    0.0952         0    0.0251      0.12        22       608         0         0         0         0         0         0         0
    34/299     6.01G    0.0944         0    0.0248     0.119        22       608         0         0         0         0         0         0         0
    35/299     6.01G    0.0936         0    0.0245     0.118        22       608         0         0         0         0         0         0         0
    36/299     6.01G    0.0928         0    0.0241     0.117        22       608         0         0         0         0         0         0         0
    37/299     6.01G    0.0921         0    0.0236     0.116        22       608         0         0         0         0         0         0         0
    38/299     6.01G    0.0914         0    0.0232     0.115        22       608         0         0         0         0         0         0         0
    39/299     6.01G    0.0907         0    0.0232     0.114        22       608         0         0         0         0         0         0         0
    40/299     6.01G    0.0901         0    0.0227     0.113        22       608         0         0         0         0         0         0         0
    41/299     6.01G    0.0896         0    0.0219     0.111        22       608         0         0         0         0         0         0         0
    42/299     6.01G    0.0891         0    0.0213      0.11        22       608         0         0         0         0         0         0         0
    43/299     6.01G    0.0886         0    0.0214      0.11        22       608         0         0         0         0         0         0         0
    44/299     6.01G    0.0881         0    0.0211     0.109        22       608         0         0         0         0         0         0         0
    45/299     6.01G    0.0876         0    0.0205     0.108        22       608         0         0         0         0         0         0         0
    46/299     6.01G    0.0872         0      0.02     0.107        22       608         0         0         0         0         0         0         0
    47/299     6.01G    0.0867         0    0.0196     0.106        22       608         0         0         0         0         0         0         0
    48/299     6.01G    0.0864         0    0.0191     0.105        22       608         0         0         0         0         0         0         0
    49/299     6.01G    0.0859         0    0.0187     0.105        22       608         0         0         0         0         0         0         0
    50/299     6.01G    0.0855         0    0.0185     0.104        22       608         0         0         0         0         0         0         0
    51/299     6.01G    0.0852         0    0.0175     0.103        22       608      0.25    0.0455    0.0227    0.0769         0         0         0
    52/299     6.01G    0.0847         0    0.0179     0.103        22       608     0.167    0.0455    0.0227    0.0714         0         0         0
    53/299     6.01G    0.0846         0    0.0172     0.102        22       608     0.111    0.0455    0.0227    0.0645         0         0         0
    54/299     6.01G    0.0842         0    0.0167     0.101        22       608       0.1    0.0455    0.0227    0.0625         0         0         0
    55/299     6.01G    0.0839         0    0.0158    0.0997        22       608       0.1    0.0455    0.0227    0.0625         0         0         0
    56/299     6.01G    0.0835         0     0.016    0.0996        22       608       0.1    0.0455    0.0227    0.0625         0         0         0
    57/299     6.01G    0.0831         0    0.0165    0.0996        22       608       0.1    0.0455    0.0227    0.0625         0         0         0
    58/299     6.01G    0.0827         0    0.0166    0.0993        22       608       0.1    0.0455    0.0227    0.0625         0         0         0
    59/299     6.01G    0.0826         0    0.0153     0.098        22       608     0.111    0.0455    0.0455    0.0645         0         0         0
    60/299     6.01G    0.0825         0     0.015    0.0975        22       608     0.111    0.0455    0.0455    0.0645         0         0         0
    61/299     6.01G    0.0823         0    0.0139    0.0962        22       608    0.0769    0.0455    0.0455    0.0571         0         0         0
    62/299     6.01G    0.0818         0    0.0147    0.0964        22       608    0.0833    0.0455    0.0455    0.0588         0         0         0
    63/299     6.01G    0.0814         0    0.0142    0.0956        22       608    0.0833    0.0455    0.0455    0.0588         0         0         0
    64/299     6.01G    0.0812         0    0.0142    0.0953        22       608    0.0833    0.0455    0.0455    0.0588         0         0         0
    65/299     6.01G    0.0809         0    0.0136    0.0945        22       608    0.0833    0.0455    0.0455    0.0588         0         0         0
    66/299     6.01G    0.0805         0    0.0128    0.0933        22       608       0.1    0.0455    0.0455    0.0625         0         0         0
    67/299     6.01G    0.0799         0    0.0133    0.0932        22       608    0.0909    0.0455    0.0227    0.0606         0         0         0
    68/299     6.01G    0.0797         0    0.0131    0.0928        22       608    0.0909    0.0455    0.0227    0.0606         0         0         0
    69/299     6.01G    0.0794         0    0.0135    0.0929        22       608    0.0833    0.0455    0.0227    0.0588         0         0         0
    70/299     6.01G    0.0786         0    0.0133    0.0919        22       608    0.0769    0.0455    0.0455    0.0571         0         0         0
    71/299     6.01G    0.0779         0    0.0131     0.091        22       608    0.0769    0.0455    0.0455    0.0571         0         0         0
    72/299     6.01G    0.0775         0    0.0129    0.0905        22       608    0.0769    0.0455    0.0455    0.0571         0         0         0
    73/299     6.01G     0.077         0    0.0132    0.0902        22       608    0.0769    0.0455    0.0455    0.0571         0         0         0
    74/299     6.01G     0.076         0     0.013     0.089        22       608    0.0769    0.0455    0.0455    0.0571         0         0         0
    75/299     6.01G    0.0751         0    0.0127    0.0878        22       608    0.0714    0.0455    0.0455    0.0556         0         0         0
    76/299     6.01G    0.0746         0    0.0145    0.0891        22       608    0.0714    0.0455    0.0455    0.0556         0         0         0
    77/299     6.01G    0.0737         0     0.014    0.0878        22       608    0.0714    0.0455    0.0455    0.0556         0         0         0
    78/299     6.01G     0.073         0     0.013     0.086        22       608    0.0769    0.0455    0.0455    0.0571         0         0         0
    79/299     6.01G     0.072         0     0.013    0.0849        22       608    0.0476    0.0455    0.0455    0.0465         0         0         0
    80/299     6.01G    0.0708         0    0.0134    0.0842        22       608    0.0465    0.0909    0.0485    0.0615         0         0         0
    81/299     6.01G      0.07         0     0.015     0.085        22       608    0.0667     0.227    0.0591     0.103         0         0         0
    82/299     6.01G    0.0691         0    0.0149    0.0839        22       608    0.0435     0.227    0.0369     0.073         0         0         0
    83/299     6.01G    0.0684         0    0.0142    0.0826        22       608    0.0355     0.227    0.0316    0.0613         0         0         0
    84/299     6.01G    0.0678         0    0.0145    0.0823        22       608    0.0375     0.273    0.0297    0.0659         0         0         0
    85/299     6.01G    0.0672         0    0.0136    0.0808        22       608    0.0375     0.273    0.0347    0.0659         0         0         0
    86/299     6.01G    0.0664         0    0.0136    0.0799        22       608     0.038     0.273    0.0486    0.0667         0         0         0
    87/299     6.01G    0.0656         0    0.0143    0.0799        22       608    0.0368     0.273     0.046    0.0649         0         0         0
    88/299     6.01G     0.065         0    0.0135    0.0785        22       608    0.0359     0.273    0.0449    0.0635         0         0         0
    89/299     6.01G    0.0642         0    0.0133    0.0775        22       608    0.0337     0.273    0.0503      0.06         0         0         0
    90/299     6.01G    0.0635         0    0.0136    0.0771        22       608    0.0372     0.318    0.0707    0.0667         0         0         0
    91/299     6.01G    0.0627         0    0.0131    0.0758        22       608    0.0359     0.318    0.0793    0.0645         0         0         0
    92/299     6.01G    0.0617         0    0.0137    0.0754        22       608    0.0366     0.318    0.0787    0.0657         0         0         0
    93/299     6.01G    0.0609         0    0.0133    0.0743        22       608     0.041     0.364    0.0869    0.0737         0         0         0
    94/299     6.01G    0.0605         0    0.0128    0.0732        22       608    0.0352     0.318    0.0668    0.0633         0         0         0
    95/299     6.01G    0.0598         0    0.0134    0.0732        22       608    0.0359     0.318     0.083    0.0645         0         0         0
    96/299     6.01G    0.0594         0    0.0133    0.0728        22       608    0.0363     0.318    0.0796    0.0651         0         0         0
    97/299     6.01G     0.058         0    0.0138    0.0718        22       608    0.0386     0.364    0.0739    0.0699         0         0         0
    98/299     6.01G    0.0572         0    0.0136    0.0708        22       608    0.0392     0.364    0.0488    0.0708         0         0         0
    99/299     6.01G    0.0567         0    0.0154     0.072        22       608    0.0345     0.318    0.0433    0.0622         0         0         0
   100/299     6.01G    0.0561         0    0.0132    0.0692        22       608    0.0415     0.364     0.085    0.0744         0         0         0
   101/299     6.01G    0.0553         0    0.0139    0.0692        22       608    0.0412     0.364    0.0784    0.0741         0         0         0
   102/299     6.01G     0.055         0    0.0164    0.0714        22       608    0.0412     0.364    0.0779    0.0741         0         0         0
   103/299     6.01G    0.0544         0    0.0134    0.0678        22       608     0.037     0.318    0.0681    0.0664         0         0         0
   104/299     6.01G    0.0547         0    0.0184     0.073        22       608    0.0412     0.364    0.0776    0.0741         0         0         0
   105/299     6.01G    0.0538         0    0.0171    0.0709        22       608    0.0385     0.318    0.0678    0.0686         0         0         0
   106/299     6.01G    0.0543         0    0.0153    0.0697        22       608    0.0398     0.318    0.0625    0.0707         0         0         0
   107/299     6.01G    0.0535         0    0.0178    0.0714        22       608    0.0409     0.318    0.0608    0.0725         0         0         0
   108/299     6.01G    0.0519         0    0.0156    0.0676        22       608   0.00766    0.0909   0.00113    0.0141         0         0         0
   109/299     6.01G    0.0518         0    0.0181    0.0699        22       608    0.0385     0.318    0.0663    0.0686         0         0         0
   110/299     6.01G    0.0508         0    0.0152     0.066        22       608     0.044     0.364    0.0717    0.0784         0         0         0
   111/299     6.01G      0.05         0    0.0155    0.0655        22       608     0.033     0.273    0.0433    0.0588         0         0         0
   112/299     6.01G    0.0494         0    0.0167    0.0661        22       608    0.0383     0.318    0.0713    0.0683         0         0         0
   113/299     6.01G    0.0487         0    0.0151    0.0638        22       608    0.0447     0.364    0.0771    0.0796         0         0         0
   114/299     6.01G    0.0472         0    0.0148     0.062        22       608    0.0442     0.364    0.0794    0.0788         0         0         0
   115/299     6.01G    0.0465         0    0.0146    0.0612        22       608    0.0497     0.409    0.0906    0.0887         0         0         0
   116/299     6.01G    0.0458         0    0.0151    0.0609        22       608    0.0599     0.455     0.137     0.106         0         0         0
   117/299     6.01G    0.0451         0    0.0161    0.0612        22       608    0.0652     0.409     0.194     0.112         0         0         0
   118/299     6.01G    0.0452         0    0.0162    0.0614        22       608     0.073     0.455     0.234     0.126         0         0         0
   119/299     6.01G    0.0439         0     0.017    0.0609        22       608    0.0752     0.455     0.253     0.129         0         0         0
   120/299     6.01G    0.0432         0     0.017    0.0603        22       608      0.08     0.455     0.273     0.136         0         0         0
   121/299     6.01G     0.043         0    0.0152    0.0583        22       608    0.0893     0.455      0.25     0.149         0         0         0
   122/299     6.01G    0.0435         0    0.0149    0.0583        22       608     0.111     0.455     0.227     0.179         0         0         0
   123/299     6.01G    0.0417         0    0.0157    0.0574        22       608     0.114     0.409     0.194     0.178         0         0         0
   124/299     6.01G    0.0414         0    0.0155     0.057        22       608     0.122     0.409     0.207     0.187         0         0         0
   125/299     6.01G    0.0412         0    0.0132    0.0545        22       608     0.112       0.5     0.238     0.183         0         0         0
   126/299     6.01G    0.0408         0    0.0157    0.0565        22       608     0.115       0.5     0.252     0.186         0         0         0
   127/299     6.01G    0.0409         0     0.015    0.0559        22       608     0.118     0.455     0.224     0.187         0         0         0
   128/299     6.01G    0.0405         0    0.0146    0.0551        22       608     0.145       0.5     0.275     0.224         0         0         0
   129/299     6.01G    0.0386         0    0.0153     0.054        22       608     0.149       0.5      0.28     0.229         0         0         0
   130/299     6.01G    0.0385         0    0.0137    0.0522        22       608     0.145       0.5     0.286     0.224         0         0         0
   131/299     6.01G    0.0389         0     0.016    0.0549        22       608     0.113       0.5       0.3     0.185         0         0         0
   132/299     6.01G    0.0392         0    0.0185    0.0577        22       608     0.124       0.5     0.311     0.198         0         0         0
   133/299     6.01G    0.0373         0    0.0151    0.0524        22       608     0.129       0.5     0.315     0.206         0         0         0
   134/299     6.01G    0.0372         0    0.0156    0.0528        22       608     0.134       0.5     0.332     0.212         0         0         0
   135/299     6.01G     0.036         0    0.0168    0.0529        22       608     0.155       0.5     0.342     0.237         0         0         0
   136/299     6.01G    0.0363         0    0.0144    0.0506        22       608     0.164       0.5     0.335     0.247         0         0         0
   137/299     6.01G    0.0356         0    0.0162    0.0518        22       608     0.151       0.5     0.338     0.232         0         0         0
   138/299     6.01G    0.0352         0    0.0148      0.05        22       608     0.159       0.5     0.348     0.242         0         0         0
   139/299     6.01G     0.035         0    0.0146    0.0495        22       608     0.151       0.5     0.341     0.232         0         0         0
   140/299     6.01G    0.0349         0    0.0133    0.0482        22       608     0.162       0.5     0.332     0.244         0         0         0
   141/299     6.01G    0.0343         0    0.0116    0.0459        22       608     0.175       0.5     0.354     0.259         0         0         0
   142/299     6.01G    0.0344         0    0.0125     0.047        22       608     0.164       0.5     0.343     0.247         0         0         0
   143/299     6.01G     0.033         0     0.013    0.0461        22       608     0.172       0.5     0.336     0.256         0         0         0
   144/299     6.01G    0.0331         0    0.0138    0.0469        22       608     0.177       0.5     0.327     0.262         0         0         0
   145/299     6.01G    0.0331         0    0.0139    0.0469        22       608     0.186       0.5     0.323     0.272         0         0         0
   146/299     6.01G    0.0326         0     0.013    0.0456        22       608     0.212       0.5     0.353     0.297         0         0         0
   147/299     6.01G     0.032         0    0.0138    0.0457        22       608     0.239       0.5     0.401     0.324         0         0         0
   148/299     6.01G    0.0324         0    0.0138    0.0463        22       608     0.255     0.545     0.454     0.348         0         0         0
   149/299     6.01G    0.0315         0    0.0146    0.0461        22       608     0.279     0.545     0.454     0.369         0         0         0
   150/299     6.01G     0.032         0    0.0141    0.0461        22       608       0.3     0.545     0.456     0.387         0         0         0
   151/299     6.01G    0.0326         0    0.0138    0.0464        22       608     0.286     0.545     0.498     0.375         0         0         0
   152/299     6.01G    0.0307         0    0.0142    0.0448        22       608     0.239       0.5     0.402     0.324         0         0         0
   153/299     6.01G    0.0313         0     0.012    0.0433        22       608     0.216       0.5     0.403     0.301         0         0         0
   154/299     6.01G    0.0307         0    0.0116    0.0423        22       608      0.22       0.5     0.401     0.306         0         0         0
   155/299     6.01G    0.0303         0    0.0143    0.0446        22       608     0.261     0.545     0.498     0.353         0         0         0
   156/299     6.01G    0.0314         0    0.0141    0.0456        22       608     0.255     0.545      0.48     0.348         0         0         0
   157/299     6.01G    0.0291         0    0.0115    0.0406        22       608      0.24     0.545     0.466     0.333         0         0         0
   158/299     6.01G    0.0294         0    0.0151    0.0445        22       608     0.241     0.591     0.496     0.342         0         0         0
   159/299     6.01G    0.0289         0    0.0129    0.0418        22       608       0.2     0.545     0.438     0.293         0         0         0
   160/299     6.01G     0.029         0    0.0134    0.0424        22       608     0.188     0.591     0.491     0.286         0         0         0
   161/299     6.01G    0.0282         0    0.0142    0.0424        22       608     0.203     0.591     0.472     0.302         0         0         0
   162/299     6.01G    0.0279         0    0.0124    0.0403        22       608     0.171     0.545     0.365     0.261         0         0         0
   163/299     6.01G    0.0278         0    0.0117    0.0395        22       608     0.167     0.545     0.303     0.255         0         0         0
   164/299     6.01G    0.0274         0    0.0129    0.0403        22       608     0.154     0.545     0.244      0.24         0         0         0
   165/299     6.01G    0.0271         0     0.013    0.0401        22       608     0.159       0.5     0.212     0.242         0         0         0
   166/299     6.01G     0.027         0    0.0125    0.0394        22       608     0.174     0.545      0.31     0.264         0         0         0
   167/299     6.01G    0.0268         0    0.0131    0.0399        22       608     0.169     0.545     0.427     0.258         0         0         0
   168/299     6.01G    0.0261         0     0.014    0.0401        22       608       0.2     0.636     0.563     0.304         0         0         0
   169/299     6.01G    0.0264         0    0.0132    0.0396        22       608       0.2     0.636     0.516     0.304         0         0         0
   170/299     6.01G    0.0258         0    0.0122     0.038        22       608     0.197     0.591     0.486     0.295         0         0         0
   171/299     6.01G    0.0255         0    0.0133    0.0387        22       608     0.233     0.636     0.517     0.341         0         0         0
   172/299     6.01G    0.0253         0    0.0125    0.0378        22       608     0.215     0.636     0.506     0.322         0         0         0
   173/299     6.01G    0.0251         0    0.0123    0.0374        22       608       0.2     0.636      0.53     0.304         0         0         0
   174/299     6.01G    0.0248         0    0.0149    0.0397        22       608     0.192     0.636     0.535     0.295         0         0         0
   175/299     6.01G    0.0246         0    0.0155    0.0401        22       608     0.189     0.636     0.539     0.292         0         0         0
   176/299     6.01G    0.0243         0    0.0138    0.0381        22       608     0.183     0.591     0.445      0.28         0         0         0
   177/299     6.01G    0.0236         0    0.0123     0.036        22       608     0.173     0.591     0.368     0.268         0         0         0
   178/299     6.01G    0.0238         0    0.0144    0.0382        22       608     0.179     0.545     0.363      0.27         0         0         0
   179/299     6.01G    0.0234         0    0.0129    0.0364        22       608      0.21     0.591     0.415      0.31         0         0         0
   180/299      6.3G    0.0234         0    0.0136     0.037        22       608     0.224     0.591     0.457     0.325         0         0         0
   181/299      6.3G    0.0235         0     0.014    0.0375        22       608      0.21     0.591     0.484      0.31         0         0         0
   182/299      6.3G    0.0233         0    0.0138     0.037        22       608     0.203     0.682     0.634     0.312         0         0         0
   183/299      6.3G    0.0231         0    0.0131    0.0361        22       608     0.188     0.682     0.638     0.294         0         0         0
   184/299      6.3G    0.0231         0    0.0129     0.036        22       608     0.198     0.773     0.697     0.315         0         0         0
   185/299      6.3G    0.0231         0    0.0122    0.0353        22       608     0.176     0.727     0.616     0.283         0         0         0
   186/299      6.3G    0.0231         0    0.0115    0.0346        22       608     0.165     0.727     0.601     0.269         0         0         0
   187/299      6.3G    0.0224         0    0.0132    0.0356        22       608     0.126     0.682      0.57     0.213         0         0         0
   188/299      6.3G    0.0222         0    0.0113    0.0335        22       608      0.12     0.727     0.496     0.206         0         0         0
   189/299      6.3G    0.0221         0    0.0119     0.034        22       608     0.132     0.682     0.334     0.221         0         0         0
   190/299      6.3G    0.0218         0     0.011    0.0328        22       608     0.121     0.545     0.262     0.198         0         0         0
   191/299      6.3G     0.022         0    0.0113    0.0333        22       608     0.121     0.591      0.33     0.202         0         0         0
   192/299      6.3G    0.0213         0    0.0127     0.034        22       608      0.13     0.591     0.336     0.213         0         0         0
   193/299      6.3G    0.0211         0    0.0125    0.0336        22       608     0.159     0.591     0.343      0.25         0         0         0
   194/299      6.3G    0.0209         0    0.0134    0.0344        22       608     0.216     0.727     0.482     0.333         0         0         0
   195/299      6.3G    0.0208         0    0.0136    0.0345        22       608      0.25     0.727       0.6     0.372         0         0         0
   196/299      6.3G    0.0201         0    0.0118    0.0319        22       608     0.274     0.773     0.702     0.405         0         0         0
   197/299      6.3G      0.02         0    0.0128    0.0328        22       608      0.25     0.727     0.677     0.372         0         0         0
   198/299      6.3G    0.0199         0    0.0112    0.0311        22       608      0.25     0.682     0.565     0.366         0         0         0
   199/299      6.3G    0.0197         0    0.0121    0.0318        22       608     0.219     0.727     0.573     0.337         0         0         0
   200/299      6.3G    0.0189         0    0.0117    0.0306        22       608       0.2     0.773      0.53     0.318         0         0         0
   201/299      6.3G    0.0187         0    0.0127    0.0313        22       608     0.236     0.773     0.472     0.362         0         0         0
   202/299      6.3G    0.0185         0    0.0121    0.0306        22       608     0.262     0.773     0.536     0.391         0         0         0
   203/299      6.3G    0.0184         0    0.0126    0.0309        22       608      0.25     0.773     0.639     0.378         0         0         0
   204/299      6.3G    0.0182         0    0.0107    0.0289        22       608     0.262     0.727      0.62     0.386         0         0         0
   205/299      6.3G    0.0178         0    0.0115    0.0293        22       608     0.266     0.773     0.645     0.395         0         0         0
   206/299      6.3G    0.0177         0    0.0112    0.0289        22       608     0.266     0.773      0.71     0.395         0         0         0
   207/299      6.3G    0.0172         0    0.0104    0.0276        22       608     0.261     0.818     0.723     0.396         0         0         0
   208/299      6.3G     0.017         0    0.0122    0.0292        22       608     0.209     0.818     0.728     0.333         0         0         0
   209/299      6.3G    0.0167         0    0.0106    0.0273        22       608     0.178     0.818     0.539     0.293         0         0         0
   210/299      6.3G    0.0165         0    0.0109    0.0274        22       608      0.19     0.864     0.676     0.311         0         0         0
   211/299      6.3G     0.017         0    0.0105    0.0276        22       608     0.228     0.818     0.746     0.356         0         0         0
   212/299      6.3G    0.0162         0    0.0105    0.0267        22       608      0.29     0.818     0.739     0.429         0         0         0
   213/299      6.3G    0.0158         0    0.0115    0.0273        22       608     0.316     0.818     0.723     0.456         0         0         0
   214/299      6.3G    0.0157         0     0.011    0.0267        22       608     0.254     0.727     0.407     0.376         0         0         0
   215/299      6.3G    0.0148         0   0.00969    0.0245        22       608     0.193       0.5     0.286     0.278         0         0         0
   216/299      6.3G    0.0147         0    0.0131    0.0278        22       608     0.217     0.455     0.215     0.294         0         0         0
   217/299      6.3G    0.0144         0    0.0116     0.026        22       608     0.256     0.455     0.206     0.328         0         0         0
   218/299      6.3G     0.015         0    0.0112    0.0262        22       608     0.303     0.455     0.318     0.364         0         0         0
   219/299      6.3G    0.0139         0    0.0116    0.0255        22       608     0.326     0.636     0.509     0.431         0         0         0
   220/299      6.3G    0.0133         0    0.0112    0.0245        22       608     0.359     0.636      0.62     0.459         0         0         0
   221/299      6.3G    0.0134         0    0.0108    0.0242        22       608     0.364     0.727     0.658     0.485         0         0         0
   222/299      6.3G    0.0132         0    0.0113    0.0245        22       608     0.319     0.682     0.644     0.435         0         0         0
   223/299      6.3G    0.0138         0    0.0122    0.0259        22       608     0.319     0.682     0.641     0.435         0         0         0
   224/299      6.3G    0.0134         0    0.0103    0.0237        22       608     0.357     0.682     0.637     0.469         0         0         0
   225/299      6.3G    0.0132         0    0.0106    0.0238        22       608     0.357     0.682     0.643     0.469         0         0         0
   226/299      6.3G    0.0137         0    0.0103     0.024        22       608     0.385     0.682     0.645     0.492         0         0         0
   227/299      6.3G    0.0129         0   0.00935    0.0222        22       608     0.412     0.636     0.594       0.5         0         0         0
   228/299      6.3G    0.0127         0    0.0101    0.0228        22       608     0.467     0.636     0.584     0.538         0         0         0
   229/299      6.3G    0.0129         0   0.00966    0.0226        22       608     0.425     0.773     0.723     0.548         0         0         0
   230/299      6.3G    0.0128         0    0.0105    0.0233        22       608     0.395     0.773     0.723     0.523         0         0         0
   231/299      6.3G    0.0121         0    0.0103    0.0224        22       608     0.354     0.773     0.726     0.486         0         0         0
   232/299      6.3G    0.0131         0   0.00895    0.0221        22       608     0.321     0.818     0.743     0.462         0         0         0
   233/299      6.3G    0.0118         0   0.00924    0.0211        22       608     0.286     0.909     0.774     0.435         0         0         0
   234/299      6.3G    0.0117         0    0.0125    0.0242        22       608     0.267     0.909     0.794     0.412         0         0         0
   235/299      6.3G    0.0119         0    0.0103    0.0222        22       608      0.27     0.909     0.804     0.417         0         0         0
   236/299      6.3G    0.0117         0    0.0104    0.0221        22       608     0.263     0.909     0.811     0.408         0         0         0
   237/299      6.3G    0.0112         0    0.0101    0.0213        22       608     0.275     0.864     0.801     0.418         0         0         0
   238/299      6.3G    0.0112         0    0.0101    0.0213        22       608     0.263     0.909     0.794     0.408         0         0         0
   239/299      6.3G    0.0114         0    0.0112    0.0226        22       608     0.284     0.864      0.78     0.427         0         0         0
   240/299      6.3G    0.0116         0   0.00981    0.0214        22       608     0.266     0.955     0.841     0.416         0         0         0
   241/299      6.3G    0.0114         0    0.0105    0.0219        22       608     0.259     0.955     0.839     0.408         0         0         0
   242/299      6.3G    0.0111         0    0.0111    0.0222        22       608     0.274     0.909     0.797     0.421         0         0         0
   243/299      6.3G    0.0111         0    0.0114    0.0225        22       608     0.266     0.955     0.814     0.416         0         0         0
   244/299      6.3G    0.0107         0    0.0112     0.022        22       608     0.247     0.909     0.736     0.388         0         0         0
   245/299      6.3G     0.011         0    0.0102    0.0212        22       608     0.299     0.909     0.834     0.449         0         0         0
   246/299      6.3G    0.0115         0   0.00971    0.0212        22       608     0.247     0.955     0.843     0.393         0         0         0
   247/299      6.3G    0.0107         0    0.0103     0.021        22       608      0.25     0.955     0.847     0.396         0         0         0
   248/299      6.3G    0.0107         0   0.00978    0.0205        22       608      0.25     0.955      0.85     0.396         0         0         0
   249/299      6.3G    0.0107         0   0.00846    0.0192        22       608      0.25     0.955     0.855     0.396         0         0         0
   250/299      6.3G    0.0107         0   0.00672    0.0174        22       608     0.253     0.955     0.858       0.4         0         0         0
   251/299      6.3G    0.0106         0   0.00492    0.0155        22       608      0.25     0.955     0.856     0.396         0         0         0
   252/299      6.3G    0.0105         0   0.00433    0.0149        22       608     0.244     0.955     0.854     0.389         0         0         0
   253/299      6.3G    0.0104         0   0.00459     0.015        22       608     0.233     0.955     0.855     0.375         0         0         0
   254/299      6.3G    0.0103         0   0.00509    0.0154        22       608     0.236     0.955     0.855     0.378         0         0         0
   255/299      6.3G    0.0102         0   0.00498    0.0152        22       608     0.228     0.955     0.853     0.368         0         0         0
   256/299      6.3G    0.0102         0   0.00442    0.0146        22       608     0.221     0.955      0.85     0.359         0         0         0
   257/299      6.3G    0.0101         0   0.00385     0.014        22       608     0.214     0.955     0.854      0.35         0         0         0
   258/299      6.3G    0.0101         0   0.00338    0.0134        22       608     0.216     0.955      0.86     0.353         0         0         0
   259/299      6.3G   0.00999         0   0.00296    0.0129        22       608     0.219     0.955     0.861     0.356         0         0         0
   260/299      6.3G   0.00992         0   0.00295    0.0129        22       608     0.216     0.955     0.863     0.353         0         0         0
   261/299      6.3G   0.00987         0   0.00291    0.0128        22       608     0.224         1     0.874     0.367         0         0         0
   262/299      6.3G   0.00983         0   0.00287    0.0127        22       608     0.227         1     0.877      0.37         0         0         0
   263/299      6.3G   0.00978         0    0.0028    0.0126        22       608     0.227         1     0.877      0.37         0         0         0
   264/299      6.3G   0.00975         0   0.00256    0.0123        22       608     0.224         1     0.877     0.367         0         0         0
   265/299      6.3G   0.00972         0   0.00238    0.0121        22       608     0.234         1     0.877     0.379         0         0         0
   266/299      6.3G   0.00969         0   0.00234     0.012        22       608     0.239         1     0.876     0.386         0         0         0
   267/299      6.3G   0.00965         0   0.00229    0.0119        22       608     0.237         1     0.875     0.383         0         0         0
   268/299      6.3G   0.00958         0   0.00218    0.0118        22       608     0.232         1      0.88     0.376         0         0         0
   269/299      6.3G   0.00952         0   0.00175    0.0113        22       608     0.222         1      0.88     0.364         0         0         0
   270/299      6.3G    0.0095         0   0.00182    0.0113        22       608     0.227         1      0.88      0.37         0         0         0
   271/299      6.3G   0.00946         0   0.00176    0.0112        22       608     0.222         1      0.88     0.364         0         0         0
   272/299      6.3G   0.00941         0   0.00155     0.011        22       608     0.222         1      0.88     0.364         0         0         0
   273/299      6.3G   0.00936         0   0.00177    0.0111        22       608     0.224         1     0.879     0.367         0         0         0
   274/299      6.3G   0.00932         0   0.00195    0.0113        22       608     0.222         1     0.879     0.364         0         0         0
   275/299      6.3G   0.00926         0   0.00167    0.0109        22       608     0.218         1     0.882     0.358         0         0         0
   276/299      6.3G   0.00922         0   0.00165    0.0109        22       608      0.21         1     0.884     0.346         0         0         0
   277/299      6.3G   0.00919         0   0.00174    0.0109        22       608     0.204         1     0.884     0.338         0         0         0
   278/299      6.3G   0.00919         0   0.00169    0.0109        22       608     0.202         1     0.884     0.336         0         0         0
   279/299      6.3G   0.00918         0   0.00156    0.0107        22       608     0.202         1     0.885     0.336         0         0         0
   280/299      6.3G   0.00917         0   0.00141    0.0106        22       608     0.202         1     0.885     0.336         0         0         0
   281/299      6.3G   0.00917         0    0.0013    0.0105        22       608     0.202         1     0.885     0.336         0         0         0
   282/299      6.3G   0.00916         0   0.00119    0.0104        22       608     0.202         1     0.885     0.336         0         0         0
   283/299      6.3G   0.00915         0   0.00115    0.0103        22       608     0.204         1     0.885     0.338         0         0         0
   284/299      6.3G   0.00915         0   0.00108    0.0102        22       608     0.204         1     0.885     0.338         0         0         0
   285/299      6.3G   0.00915         0   0.00101    0.0102        22       608     0.204         1     0.883     0.338         0         0         0
   286/299      6.3G   0.00914         0  0.000923    0.0101        22       608     0.204         1     0.883     0.338         0         0         0
   287/299      6.3G   0.00914         0  0.000914    0.0101        22       608     0.204         1     0.883     0.338         0         0         0
   288/299      6.3G   0.00913         0  0.000933    0.0101        22       608     0.206         1     0.883     0.341         0         0         0
   289/299      6.3G   0.00913         0  0.000895      0.01        22       608     0.206         1     0.883     0.341         0         0         0
   290/299      6.3G   0.00913         0   0.00082   0.00995        22       608     0.208         1     0.883     0.344         0         0         0
   291/299      6.3G   0.00913         0  0.000779    0.0099        22       608     0.208         1     0.883     0.344         0         0         0
   292/299      6.3G   0.00912         0  0.000754   0.00987        22       608     0.208         1     0.883     0.344         0         0         0
   293/299      6.3G   0.00912         0  0.000694   0.00981        22       608     0.208         1     0.883     0.344         0         0         0
   294/299      6.3G   0.00911         0  0.000655   0.00977        22       608     0.208         1     0.883     0.344         0         0         0
   295/299      6.3G   0.00911         0  0.000648   0.00976        22       608     0.208         1     0.883     0.344         0         0         0
   296/299      6.3G    0.0091         0  0.000608   0.00971        22       608     0.208         1     0.883     0.344         0         0         0
   297/299      6.3G    0.0091         0    0.0006    0.0097        22       608     0.208         1     0.883     0.344         0         0         0
   298/299      6.3G   0.00909         0  0.000587   0.00968        22       608     0.208         1     0.883     0.344         0         0         0
   299/299      6.3G   0.00909         0   0.00056   0.00965        22       608    0.0462         1     0.883    0.0884         0         0         0
