     0/399     4.65G     0.535         0     0.115      0.65         6       608         0         0         0         0         0         0         0
     1/399     4.65G     0.292         0     0.142     0.434         6       608         0         0         0         0         0         0         0
     2/399     4.65G     0.191         0     0.139     0.329         4       608         0         0         0         0         0         0         0
     3/399     4.65G     0.237         0     0.184     0.421         4       608         0         0         0         0         0         0         0
     4/399     4.65G     0.394         0     0.213     0.607         8       608         0         0         0         0         0         0         0
     5/399     4.65G     0.355         0     0.302     0.657         6       608         0         0         0         0         0         0         0
     6/399     4.65G     0.378         0     0.247     0.625         8       608         0         0         0         0         0         0         0
     7/399     4.65G     0.306         0     0.285     0.591         6       608         0         0         0         0         0         0         0
     8/399     4.65G     0.285         0     0.267     0.551         6       608         0         0         0         0         0         0         0
     9/399     4.65G     0.195         0     0.302     0.497         2       608         0         0         0         0         0         0         0
    10/399     4.65G     0.159         0     0.127     0.286         6       608         0         0         0         0         0         0         0
    11/399     4.65G     0.146         0     0.142     0.288         4       608         0         0         0         0         0         0         0
    12/399     4.65G     0.135         0    0.0886     0.223         6       608         0         0         0         0         0         0         0
    13/399     4.65G     0.143         0     0.119     0.263         2       608         0         0         0         0         0         0         0
    14/399     4.65G     0.102         0       0.1     0.202         6       608         0         0         0         0         0         0         0
    15/399     4.65G    0.0931         0     0.188     0.281         8       608         0         0         0         0         0         0         0
    16/399     4.65G    0.0986         0    0.0908     0.189         6       608         0         0         0         0         0         0         0
    17/399     4.65G     0.104         0     0.099     0.203         2       608         0         0         0         0         0         0         0
    18/399     4.65G     0.108         0     0.075     0.183         6       608         0         0         0         0         0         0         0
    19/399     4.65G    0.0927         0    0.0597     0.152         4       608         0         0         0         0         0         0         0
    20/399     4.65G    0.0877         0    0.0508     0.138         6       608         0         0         0         0         0         0         0
    21/399     4.65G    0.0906         0    0.0557     0.146         6       608         0         0         0         0         0         0         0
    22/399     4.65G    0.0897         0    0.0713     0.161         6       608         0         0         0         0         0         0         0
    23/399     4.65G    0.0723         0    0.0493     0.122         6       608         0         0         0         0         0         0         0
    24/399     4.65G    0.0607         0    0.0435     0.104         4       608         0         0         0         0         0         0         0
    25/399     4.65G      0.07         0    0.0543     0.124         4       608         0         0         0         0         0         0         0
    26/399     4.65G    0.0628         0    0.0461     0.109         6       608         0         0         0         0         0         0         0
    27/399     4.65G    0.0581         0    0.0415    0.0996         4       608         0         0         0         0         0         0         0
    28/399     4.65G     0.054         0     0.041    0.0949         6       608         0         0         0         0         0         0         0
    29/399     4.65G    0.0581         0    0.0462     0.104         8       608         0         0         0         0         0         0         0
    30/399     4.65G    0.0531         0    0.0449    0.0979         4       608         0         0         0         0         0         0         0
    31/399     4.65G    0.0585         0     0.037    0.0955         4       608         0         0         0         0         0         0         0
    32/399     4.65G    0.0557         0    0.0388    0.0945         6       608         0         0         0         0         0         0         0
    33/399     4.65G    0.0528         0    0.0409    0.0937         6       608         0         0         0         0         0         0         0
    34/399     4.65G    0.0513         0    0.0407     0.092         6       608         0         0         0         0         0         0         0
    35/399     4.65G    0.0577         0    0.0426       0.1         4       608         0         0         0         0         0         0         0
    36/399     4.65G    0.0531         0    0.0377    0.0909         8       608         0         0         0         0         0         0         0
    37/399     4.65G    0.0485         0    0.0371    0.0856         4       608         0         0         0         0         0         0         0
    38/399     4.65G    0.0463         0    0.0348    0.0811         6       608         0         0         0         0         0         0         0
    39/399     4.65G    0.0469         0    0.0373    0.0842         6       608         0         0         0         0         0         0         0
    40/399     4.65G    0.0402         0    0.0304    0.0706         4       608         0         0         0         0         0         0         0
    41/399     4.65G    0.0486         0    0.0324     0.081         4       608         0         0         0         0         0         0         0
    42/399     4.65G     0.035         0    0.0291    0.0642         4       608         0         0         0         0         0         0         0
    43/399     4.65G    0.0388         0    0.0293     0.068         6       608         0         0         0         0         0         0         0
    44/399     4.65G     0.036         0    0.0297    0.0657         6       608         0         0         0         0         0         0         0
    45/399     4.65G    0.0373         0    0.0291    0.0664         6       608         0         0         0         0         0         0         0
    46/399     4.65G    0.0267         0    0.0261    0.0528         6       608         0         0         0         0         0         0         0
    47/399     4.65G    0.0299         0    0.0343    0.0642         6       608         0         0         0         0         0         0         0
    48/399     4.65G    0.0316         0    0.0305    0.0621         4       608         0         0         0         0         0         0         0
    49/399     4.65G    0.0314         0     0.027    0.0584         6       608         0         0         0         0         0         0         0
    50/399     4.65G    0.0332         0    0.0347    0.0678         6       608     0.146     0.682     0.273      0.24         0         0         0
    51/399     5.03G    0.0246         0    0.0359    0.0605         8       608     0.121     0.773     0.373      0.21         0         0         0
    52/399     5.03G    0.0224         0    0.0265    0.0489         8       608    0.0802     0.773     0.318     0.145         0         0         0
    53/399     5.03G    0.0253         0    0.0265    0.0518         4       608    0.0853     0.818     0.323     0.155         0         0         0
    54/399     5.03G    0.0209         0    0.0272    0.0481         8       608    0.0984     0.818     0.451     0.176         0         0         0
    55/399     5.03G    0.0195         0    0.0258    0.0453         6       608      0.13     0.818     0.509     0.225         0         0         0
    56/399     5.03G    0.0169         0    0.0218    0.0388         4       608     0.188     0.864     0.592     0.309         0         0         0
    57/399     5.03G    0.0173         0    0.0265    0.0438         4       608     0.218     0.864     0.549     0.349         0         0         0
    58/399     5.03G     0.014         0    0.0232    0.0372         6       608     0.218     0.864     0.564     0.349         0         0         0
    59/399     5.03G    0.0145         0    0.0311    0.0456         2       608     0.225     0.909     0.611      0.36         0         0         0
    60/399     5.03G     0.013         0    0.0247    0.0377         4       608     0.225     0.909     0.579      0.36         0         0         0
    61/399     5.03G    0.0134         0    0.0249    0.0383         2       608     0.239     0.955     0.691     0.382         0         0         0
    62/399     5.03G    0.0106         0    0.0242    0.0348         4       608     0.266     0.955     0.715     0.416         0         0         0
    63/399     5.03G    0.0115         0    0.0197    0.0313         4       608     0.268     0.864     0.669     0.409         0         0         0
    64/399     5.03G    0.0116         0    0.0203    0.0319         6       608      0.27     0.909     0.718     0.417         0         0         0
    65/399     5.03G   0.00954         0    0.0244    0.0339         6       608     0.247     0.955     0.812     0.393         0         0         0
    66/399     5.03G    0.0138         0    0.0257    0.0395         6       608     0.244     0.909     0.792     0.385         0         0         0
    67/399     5.03G    0.0101         0    0.0302    0.0404         8       608     0.266     0.955     0.856     0.416         0         0         0
    68/399     5.03G   0.00875         0    0.0261    0.0349         2       608     0.318     0.955     0.862     0.477         0         0         0
    69/399     5.03G   0.00822         0    0.0207    0.0289         6       608      0.37     0.909     0.831     0.526         0         0         0
    70/399     5.03G    0.0102         0    0.0199    0.0301         6       608     0.364     0.909     0.839     0.519         0         0         0
    71/399     5.03G   0.00876         0    0.0167    0.0255         6       608     0.392     0.909      0.83     0.548         0         0         0
    72/399     5.03G   0.00648         0    0.0163    0.0228         6       608     0.429     0.955     0.881     0.592         0         0         0
    73/399     5.03G   0.00592         0    0.0173    0.0232         6       608      0.42     0.955     0.898     0.583         0         0         0
    74/399     5.03G   0.00586         0     0.018    0.0239         6       608     0.412     0.955     0.902     0.575         0         0         0
    75/399     5.03G   0.00559         0     0.016    0.0216         4       608     0.429     0.955     0.926     0.592         0         0         0
    76/399     5.03G   0.00526         0    0.0158     0.021         6       608     0.467     0.955     0.944     0.627         0         0         0
    77/399     5.03G   0.00463         0    0.0173    0.0219         6       608     0.525     0.955     0.944     0.677         0         0         0
    78/399     5.03G    0.0045         0    0.0164    0.0209         6       608     0.538     0.955     0.942     0.689         0         0         0
    79/399     5.03G   0.00443         0    0.0131    0.0175         4       608     0.538     0.955     0.949     0.689         0         0         0
    80/399     5.03G   0.00377         0    0.0126    0.0164         8       608     0.583     0.955     0.936     0.724         0         0         0
    81/399     5.03G   0.00407         0    0.0144    0.0184         6       608     0.571     0.909     0.896     0.702         0         0         0
    82/399     5.03G   0.00336         0    0.0153    0.0187         2       608     0.556     0.909     0.889      0.69         0         0         0
    83/399     5.03G   0.00394         0    0.0172    0.0212         6       608     0.583     0.955     0.925     0.724         0         0         0
    84/399     5.03G   0.00317         0    0.0265    0.0297         2       608     0.541     0.909     0.875     0.678         0         0         0
    85/399     5.03G    0.0035         0    0.0184    0.0219         8       608     0.526     0.909      0.88     0.667         0         0         0
    86/399     5.03G   0.00287         0    0.0182    0.0211         6       608     0.556     0.909     0.889      0.69         0         0         0
    87/399     5.03G    0.0037         0    0.0158    0.0195         6       608     0.571     0.909     0.892     0.702         0         0         0
    88/399     5.03G   0.00271         0    0.0162    0.0189         4       608     0.606     0.909     0.894     0.727         0         0         0
    89/399     5.03G   0.00268         0    0.0172    0.0199         4       608     0.606     0.909     0.905     0.727         0         0         0
    90/399     5.03G   0.00299         0    0.0167    0.0197         4       608     0.606     0.909     0.896     0.727         0         0         0
    91/399     5.03G    0.0028         0    0.0261    0.0289         6       608     0.606     0.909     0.883     0.727         0         0         0
    92/399     5.03G   0.00293         0    0.0182    0.0212         6       608     0.576     0.864     0.839     0.691         0         0         0
    93/399     5.03G   0.00322         0    0.0256    0.0288         2       608     0.588     0.909     0.882     0.714         0         0         0
    94/399     5.03G   0.00257         0    0.0159    0.0184         4       608     0.625     0.909     0.883     0.741         0         0         0
    95/399     5.03G   0.00242         0    0.0134    0.0158         4       608     0.667     0.909     0.882     0.769         0         0         0
    96/399     5.03G   0.00239         0    0.0146     0.017         4       608     0.667     0.909      0.88     0.769         0         0         0
    97/399     5.03G   0.00248         0    0.0161    0.0186         6       608     0.655     0.864     0.852     0.745         0         0         0
    98/399     5.03G   0.00231         0    0.0142    0.0165         4       608     0.633     0.864     0.852     0.731         0         0         0
    99/399     5.03G   0.00234         0    0.0135    0.0158         4       608     0.655     0.864     0.852     0.745         0         0         0
   100/399     5.03G   0.00251         0    0.0148    0.0173         4       608     0.679     0.864     0.855      0.76         0         0         0
   101/399     5.03G   0.00227         0    0.0187     0.021         6       608     0.731     0.864     0.847     0.792         0         0         0
   102/399     5.03G   0.00215         0    0.0183    0.0205         6       608     0.731     0.864     0.847     0.792         0         0         0
   103/399     5.03G   0.00241         0    0.0142    0.0167         6       608     0.741     0.909      0.89     0.816         0         0         0
   104/399     5.03G   0.00198         0    0.0133    0.0153         8       608     0.714     0.909     0.894       0.8         0         0         0
   105/399     5.03G   0.00216         0    0.0132    0.0153         4       608     0.741     0.909     0.894     0.816         0         0         0
   106/399     5.03G     0.002         0    0.0154    0.0174         8       608       0.8     0.909     0.896     0.851         0         0         0
   107/399     5.03G   0.00217         0    0.0142    0.0164         4       608     0.769     0.909     0.892     0.833         0         0         0
   108/399     5.03G   0.00183         0    0.0145    0.0163         4       608     0.808     0.955     0.955     0.875         0         0         0
   109/399     5.03G   0.00175         0    0.0143    0.0161         6       608     0.808     0.955      0.95     0.875         0         0         0
   110/399     5.03G    0.0019         0    0.0115    0.0134         4       608     0.808     0.955      0.95     0.875         0         0         0
   111/399     5.03G   0.00255         0    0.0112    0.0137         6       608     0.778     0.955      0.95     0.857         0         0         0
   112/399     5.03G    0.0018         0    0.0122     0.014         4       608     0.808     0.955     0.952     0.875         0         0         0
   113/399     5.03G   0.00173         0    0.0128    0.0145         6       608     0.913     0.955     0.952     0.933         0         0         0
   114/399     5.03G   0.00171         0    0.0122    0.0139         6       608     0.913     0.955     0.955     0.933         0         0         0
   115/399     5.03G   0.00164         0    0.0113    0.0129         4       608     0.913     0.955     0.955     0.933         0         0         0
   116/399     5.03G   0.00165         0    0.0123    0.0139         6       608     0.913     0.955     0.952     0.933         0         0         0
   117/399     5.03G   0.00157         0    0.0121    0.0136         6       608     0.955     0.955     0.955     0.955         0         0         0
   118/399     5.03G   0.00164         0    0.0144    0.0161         6       608     0.955     0.955     0.955     0.955         0         0         0
   119/399     5.03G   0.00162         0     0.012    0.0136         4       608     0.913     0.955     0.955     0.933         0         0         0
   120/399     5.03G   0.00157         0    0.0167    0.0182         6       608     0.913     0.955     0.955     0.933         0         0         0
   121/399     5.03G   0.00155         0    0.0142    0.0158         4       608     0.913     0.955     0.955     0.933         0         0         0
   122/399     5.03G   0.00158         0    0.0153    0.0169         6       608     0.875     0.955     0.955     0.913         0         0         0
   123/399     5.03G   0.00155         0    0.0159    0.0174         6       608     0.875     0.955     0.952     0.913         0         0         0
   124/399     5.03G   0.00154         0     0.013    0.0146         6       608     0.875     0.955     0.951     0.913         0         0         0
   125/399     5.03G   0.00155         0    0.0122    0.0137         8       608     0.875     0.955     0.945     0.913         0         0         0
   126/399     5.03G   0.00149         0    0.0112    0.0127         6       608      0.87     0.909     0.905     0.889         0         0         0
   127/399     5.03G   0.00141         0    0.0127    0.0141         6       608      0.87     0.909     0.903     0.889         0         0         0
   128/399     5.03G   0.00154         0    0.0115     0.013         6       608      0.87     0.909     0.901     0.889         0         0         0
   129/399     5.03G   0.00165         0    0.0121    0.0138         4       608     0.833     0.909     0.901      0.87         0         0         0
   130/399     5.03G   0.00144         0    0.0146    0.0161         2       608      0.87     0.909     0.901     0.889         0         0         0
   131/399     5.03G   0.00148         0    0.0108    0.0123         4       608     0.875     0.955     0.941     0.913         0         0         0
   132/399     5.03G    0.0015         0    0.0108    0.0123         8       608     0.875     0.955     0.943     0.913         0         0         0
   133/399     5.03G   0.00144         0    0.0118    0.0132         4       608     0.875     0.955     0.948     0.913         0         0         0
   134/399     5.03G   0.00136         0    0.0114    0.0127         4       608      0.88         1     0.988     0.936         0         0         0
   135/399     5.03G   0.00135         0    0.0103    0.0116         8       608     0.786         1     0.992      0.88         0         0         0
   136/399     5.03G   0.00232         0    0.0114    0.0138         4       608      0.84     0.955     0.952     0.894         0         0         0
   137/399     5.03G    0.0014         0    0.0105    0.0119         4       608      0.84     0.955     0.955     0.894         0         0         0
   138/399     5.03G   0.00154         0   0.00892    0.0105         4       608     0.955     0.955     0.955     0.955         0         0         0
   139/399     5.03G   0.00182         0   0.00884    0.0107         6       608     0.955     0.955     0.955     0.955         0         0         0
   140/399     5.03G    0.0016         0      0.01    0.0116         8       608     0.875     0.955     0.955     0.913         0         0         0
   141/399     5.03G    0.0017         0    0.0101    0.0118         4       608     0.875     0.955     0.955     0.913         0         0         0
   142/399     5.03G   0.00142         0   0.00949    0.0109         6       608     0.875     0.955     0.955     0.913         0         0         0
   143/399     5.03G    0.0014         0   0.00796   0.00936         2       608      0.84     0.955     0.955     0.894         0         0         0
   144/399     5.03G   0.00146         0   0.00882    0.0103         8       608      0.84     0.955     0.955     0.894         0         0         0
   145/399     5.03G   0.00135         0   0.00933    0.0107         4       608      0.84     0.955     0.955     0.894         0         0         0
   146/399     5.03G   0.00131         0    0.0107     0.012         6       608      0.84     0.955     0.955     0.894         0         0         0
   147/399     5.03G   0.00128         0    0.0102    0.0115         8       608      0.84     0.955     0.955     0.894         0         0         0
   148/399     5.03G   0.00129         0    0.0105    0.0118         6       608      0.84     0.955     0.955     0.894         0         0         0
   149/399     5.03G   0.00155         0   0.00981    0.0114         6       608     0.778     0.955     0.947     0.857         0         0         0
   150/399     5.03G   0.00131         0   0.00902    0.0103         6       608     0.778     0.955     0.936     0.857         0         0         0
   151/399     5.03G   0.00135         0   0.00779   0.00915         8       608     0.786         1     0.971      0.88         0         0         0
   152/399     5.03G   0.00126         0    0.0076   0.00885         8       608     0.786         1     0.979      0.88         0         0         0
   153/399     5.03G   0.00136         0    0.0077   0.00907         6       608     0.808     0.955     0.952     0.875         0         0         0
   154/399     5.03G   0.00138         0   0.00738   0.00876         4       608     0.815         1     0.991     0.898         0         0         0
   155/399     5.03G   0.00131         0   0.00802   0.00933         4       608      0.84     0.955     0.955     0.894         0         0         0
   156/399     5.03G   0.00125         0    0.0101    0.0113         6       608      0.84     0.955     0.955     0.894         0         0         0
   157/399     5.03G    0.0012         0    0.0118     0.013         4       608     0.846         1     0.993     0.917         0         0         0
   158/399     5.03G   0.00127         0    0.0099    0.0112         6       608      0.88         1     0.998     0.936         0         0         0
   159/399     5.03G   0.00121         0    0.0114    0.0126         6       608      0.88         1     0.996     0.936         0         0         0
   160/399     5.03G   0.00122         0      0.01    0.0112         4       608     0.917         1         1     0.957         0         0         0
   161/399     5.03G   0.00125         0   0.00898    0.0102         8       608     0.957         1     0.998     0.978         0         0         0
   162/399     5.03G   0.00121         0   0.00974    0.0109         8       608     0.957         1         1     0.978         0         0         0
   163/399     5.03G   0.00119         0    0.0133    0.0145         2       608     0.917         1         1     0.957         0         0         0
   164/399     5.03G   0.00116         0    0.0113    0.0125         4       608     0.917         1         1     0.957         0         0         0
   165/399     5.03G   0.00115         0    0.0101    0.0112         6       608     0.917         1         1     0.957         0         0         0
   166/399     5.03G   0.00113         0    0.0138    0.0149         8       608     0.917         1         1     0.957         0         0         0
   167/399     5.03G   0.00113         0   0.00923    0.0104         4       608     0.917         1         1     0.957         0         0         0
   168/399     5.03G   0.00114         0    0.0102    0.0113         8       608     0.957         1         1     0.978         0         0         0
   169/399     5.03G   0.00119         0    0.0104    0.0116         6       608     0.846         1         1     0.917         0         0         0
   170/399     5.03G   0.00118         0   0.00939    0.0106         8       608     0.955     0.955     0.955     0.955         0         0         0
   171/399     5.03G   0.00112         0    0.0119     0.013         8       608     0.955     0.955     0.955     0.955         0         0         0
   172/399     5.03G   0.00111         0    0.0132    0.0143         6       608     0.955     0.955     0.955     0.955         0         0         0
   173/399     5.03G   0.00109         0   0.00943    0.0105         6       608     0.955     0.955     0.955     0.955         0         0         0
   174/399     5.03G   0.00107         0   0.00949    0.0106         6       608     0.913     0.955     0.952     0.933         0         0         0
   175/399     5.03G   0.00108         0   0.00861   0.00969         6       608     0.913     0.955     0.952     0.933         0         0         0
   176/399     5.03G   0.00108         0   0.00871    0.0098         4       608     0.913     0.955     0.952     0.933         0         0         0
   177/399     5.03G   0.00107         0   0.00956    0.0106         4       608     0.913     0.955     0.952     0.933         0         0         0
   178/399     5.03G   0.00106         0    0.0109    0.0119         8       608     0.913     0.955     0.952     0.933         0         0         0
   179/399     5.03G   0.00109         0    0.0111    0.0122         4       608     0.955     0.955     0.952     0.955         0         0         0
   180/399     5.03G   0.00108         0    0.0126    0.0137         2       608     0.913     0.955     0.952     0.933         0         0         0
   181/399     5.03G   0.00106         0   0.00992     0.011         4       608     0.913     0.955     0.951     0.933         0         0         0
   182/399     5.03G   0.00118         0    0.0113    0.0125         4       608     0.909     0.909     0.909     0.909         0         0         0
   183/399     5.03G   0.00112         0    0.0103    0.0115         6       608     0.909     0.909     0.907     0.909         0         0         0
   184/399     5.03G   0.00105         0    0.0105    0.0116         6       608     0.909     0.909     0.907     0.909         0         0         0
   185/399     5.03G   0.00106         0     0.012    0.0131         6       608     0.909     0.909     0.907     0.909         0         0         0
   186/399     5.03G   0.00104         0    0.0102    0.0112         4       608      0.87     0.909     0.907     0.889         0         0         0
   187/399     5.03G   0.00107         0   0.00941    0.0105         6       608     0.909     0.909     0.907     0.909         0         0         0
   188/399     5.03G   0.00106         0   0.00969    0.0107         4       608      0.87     0.909     0.907     0.889         0         0         0
   189/399     5.03G   0.00104         0    0.0114    0.0124         6       608     0.875     0.955     0.947     0.913         0         0         0
   190/399     5.03G   0.00113         0    0.0117    0.0129         4       608     0.913     0.955     0.948     0.933         0         0         0
   191/399     5.03G   0.00106         0    0.0157    0.0168         2       608     0.913     0.955      0.95     0.933         0         0         0
   192/399     5.03G   0.00104         0    0.0112    0.0123         4       608     0.913     0.955     0.952     0.933         0         0         0
   193/399     5.03G   0.00102         0    0.0104    0.0114         6       608     0.955     0.955     0.955     0.955         0         0         0
   194/399     5.03G   0.00105         0     0.012    0.0131         6       608     0.955     0.955     0.955     0.955         0         0         0
   195/399     5.03G  0.000998         0     0.011     0.012         4       608     0.955     0.955     0.955     0.955         0         0         0
   196/399     5.03G   0.00102         0    0.0108    0.0119         8       608     0.955     0.955     0.955     0.955         0         0         0
   197/399     5.03G   0.00101         0    0.0117    0.0127         6       608     0.955     0.955     0.955     0.955         0         0         0
   198/399     5.03G  0.000991         0   0.00895   0.00994         4       608     0.913     0.955     0.955     0.933         0         0         0
   199/399     5.03G   0.00103         0    0.0111    0.0121         4       608     0.913     0.955     0.955     0.933         0         0         0
   200/399     5.03G   0.00101         0    0.0106    0.0116         4       608     0.875     0.955     0.955     0.913         0         0         0
   201/399     4.65G   0.00101         0    0.0116    0.0126         6       608     0.875     0.955     0.955     0.913         0         0         0
   202/399     5.04G   0.00103         0    0.0105    0.0115         6       608     0.875     0.955     0.955     0.913         0         0         0
   203/399     5.04G   0.00101         0    0.0141    0.0152         6       608      0.84     0.955     0.935     0.894         0         0         0
   204/399     5.04G  0.000989         0    0.0133    0.0143         4       608     0.955     0.955     0.942     0.955         0         0         0
   205/399     5.04G  0.000984         0     0.016     0.017         6       608     0.955     0.955      0.94     0.955         0         0         0
   206/399     5.04G  0.000982         0    0.0152    0.0162         6       608     0.875     0.955     0.936     0.913         0         0         0
   207/399     5.04G   0.00101         0    0.0204    0.0214         6       608     0.913     0.955     0.955     0.933         0         0         0
   208/399     5.04G  0.000988         0    0.0126    0.0136         8       608     0.913     0.955     0.955     0.933         0         0         0
   209/399     5.04G  0.000996         0   0.00896   0.00995         8       608     0.913     0.955     0.955     0.933         0         0         0
   210/399     5.04G  0.000968         0    0.0102    0.0112         4       608     0.913     0.955     0.955     0.933         0         0         0
   211/399     5.04G  0.000953         0   0.00939    0.0103         4       608     0.955     0.955     0.955     0.955         0         0         0
   212/399     5.04G   0.00094         0   0.00894   0.00988         4       608     0.875     0.955     0.955     0.913         0         0         0
   213/399     5.04G  0.000952         0    0.0109    0.0119         6       608     0.875     0.955     0.955     0.913         0         0         0
   214/399     5.04G  0.000942         0   0.00757   0.00852         6       608     0.917         1         1     0.957         0         0         0
   215/399     5.04G  0.000965         0    0.0124    0.0133         8       608     0.957         1         1     0.978         0         0         0
   216/399     5.04G  0.000952         0     0.011     0.012         8       608     0.909     0.909     0.887     0.909         0         0         0
   217/399     5.04G  0.000926         0    0.0106    0.0115         8       608     0.875     0.955     0.933     0.913         0         0         0
   218/399     5.04G  0.000942         0    0.0119    0.0128         8       608     0.815         1     0.998     0.898         0         0         0
   219/399     5.04G   0.00102         0    0.0114    0.0124         6       608     0.786         1      0.99      0.88         0         0         0
   220/399     5.04G  0.000932         0    0.0123    0.0132         6       608         1     0.955     0.955     0.977         0         0         0
   221/399     5.04G  0.000948         0    0.0109    0.0118         8       608         1     0.955     0.955     0.977         0         0         0
   222/399     5.04G   0.00102         0    0.0114    0.0125         6       608     0.955     0.955     0.955     0.955         0         0         0
   223/399     5.04G   0.00127         0   0.00828   0.00955         6       608     0.808     0.955     0.948     0.875         0         0         0
   224/399     5.04G   0.00105         0    0.0121    0.0131         4       608      0.75     0.955     0.905      0.84         0         0         0
   225/399     5.04G   0.00163         0    0.0106    0.0123         6       608      0.84     0.955     0.893     0.894         0         0         0
   226/399     5.04G   0.00132         0   0.00902    0.0103         2       608      0.88         1     0.977     0.936         0         0         0
   227/399     5.04G   0.00106         0   0.00983    0.0109         8       608     0.846         1         1     0.917         0         0         0
   228/399     5.04G   0.00108         0    0.0109    0.0119         6       608     0.913     0.955     0.955     0.933         0         0         0
   229/399     5.04G   0.00114         0    0.0111    0.0123         6       608     0.913     0.955     0.955     0.933         0         0         0
   230/399     5.04G    0.0011         0    0.0106    0.0117         4       608     0.913     0.955     0.955     0.933         0         0         0
   231/399     5.04G   0.00136         0    0.0107     0.012         8       608     0.957         1     0.998     0.978         0         0         0
   232/399     5.04G   0.00105         0     0.011     0.012         8       608     0.955     0.955     0.955     0.955         0         0         0
   233/399     5.04G   0.00102         0   0.00963    0.0107         4       608     0.913     0.955     0.955     0.933         0         0         0
   234/399     5.04G   0.00101         0   0.00972    0.0107         6       608     0.955     0.955     0.955     0.955         0         0         0
   235/399     5.04G  0.000986         0    0.0106    0.0116         8       608         1     0.955     0.955     0.977         0         0         0
