     0/399     4.65G     0.246         0     0.127     0.372         8       608         0         0         0         0         0         0         0
     1/399     4.65G     0.164         0     0.375     0.539         8       608         0         0         0         0         0         0         0
     2/399     4.65G     0.147         0     0.205     0.352         6       608         0         0         0         0         0         0         0
     3/399     4.65G     0.143         0     0.329     0.472         6       608         0         0         0         0         0         0         0
     4/399     4.65G     0.155         0     0.246     0.401         6       608         0         0         0         0         0         0         0
     5/399     4.65G     0.175         0     0.287     0.463         6       608         0         0         0         0         0         0         0
     6/399     4.65G     0.133         0     0.309     0.442         6       608         0         0         0         0         0         0         0
     7/399     4.65G     0.101         0     0.125     0.226         6       608         0         0         0         0         0         0         0
     8/399     4.65G    0.0944         0     0.232     0.327         4       608         0         0         0         0         0         0         0
     9/399     4.65G    0.0934         0     0.174     0.267         6       608         0         0         0         0         0         0         0
    10/399     4.65G     0.111         0     0.136     0.247         6       608         0         0         0         0         0         0         0
    11/399     5.03G    0.0847         0     0.105      0.19         6       608         0         0         0         0         0         0         0
    12/399     5.03G    0.0889         0    0.0886     0.177         6       608         0         0         0         0         0         0         0
    13/399     5.03G    0.0768         0    0.0786     0.155         4       608         0         0         0         0         0         0         0
    14/399     5.03G    0.0645         0    0.0682     0.133         4       608         0         0         0         0         0         0         0
    15/399     5.03G    0.0587         0    0.0578     0.117         6       608         0         0         0         0         0         0         0
    16/399     5.03G    0.0576         0    0.0538     0.111         4       608     0.029    0.0909     0.013     0.044         0         0         0
    17/399     5.03G    0.0571         0    0.0598     0.117         6       608    0.0325     0.182   0.00632    0.0552         0         0         0
    18/399     5.03G    0.0441         0    0.0574     0.102         4       608    0.0164     0.318   0.00792    0.0312         0         0         0
    19/399     5.03G     0.039         0    0.0579    0.0969         4       608    0.0155     0.318    0.0209    0.0295         0         0         0
    20/399     5.03G    0.0441         0    0.0544    0.0984         2       608     0.026     0.273    0.0116    0.0474         0         0         0
    21/399     5.03G    0.0391         0    0.0502    0.0893         4       608      0.06     0.409    0.0943     0.105         0         0         0
    22/399     5.03G    0.0448         0    0.0423    0.0871         4       608     0.208     0.682     0.363     0.319         0         0         0
    23/399     5.03G    0.0366         0    0.0457    0.0823         6       608     0.222     0.545     0.383     0.316         0         0         0
    24/399     5.03G    0.0301         0    0.0465    0.0766         6       608     0.203     0.682     0.495     0.312         0         0         0
    25/399     5.03G    0.0279         0    0.0395    0.0674         6       608     0.165     0.682     0.435     0.265         0         0         0
    26/399     5.03G    0.0206         0    0.0388    0.0595         4       608     0.217     0.682     0.402      0.33         0         0         0
    27/399     5.03G    0.0224         0    0.0414    0.0638         8       608     0.265     0.818      0.57       0.4         0         0         0
    28/399     5.03G    0.0199         0    0.0393    0.0592         6       608    0.0994     0.773     0.154     0.176         0         0         0
    29/399     5.03G    0.0198         0    0.0366    0.0564         6       608     0.112     0.818     0.456     0.197         0         0         0
    30/399     5.03G    0.0182         0     0.036    0.0542         8       608     0.156     0.773     0.467      0.26         0         0         0
    31/399     5.03G     0.014         0    0.0353    0.0493         8       608     0.161     0.818     0.493     0.269         0         0         0
    32/399     5.03G    0.0127         0    0.0281    0.0407         4       608     0.153     0.818     0.377     0.257         0         0         0
    33/399     5.03G    0.0171         0    0.0337    0.0508         2       608     0.198     0.727     0.464     0.311         0         0         0
    34/399     5.03G     0.013         0    0.0324    0.0454         6       608     0.321     0.773     0.679     0.453         0         0         0
    35/399     5.03G    0.0143         0    0.0307     0.045         4       608     0.243     0.818     0.625     0.375         0         0         0
    36/399     5.03G    0.0161         0    0.0314    0.0475         6       608    0.0731     0.727     0.118     0.133         0         0         0
    37/399     5.03G    0.0137         0    0.0307    0.0444         6       608     0.121     0.773     0.247      0.21         0         0         0
    38/399     5.03G    0.0089         0    0.0361     0.045         2       608     0.305     0.818     0.643     0.444         0         0         0
    39/399     5.03G   0.00804         0    0.0281    0.0362         4       608     0.316     0.818     0.759     0.456         0         0         0
    40/399     5.03G   0.00711         0    0.0242    0.0313         6       608       0.5     0.909     0.874     0.645         0         0         0
    41/399     5.03G   0.00957         0    0.0359    0.0454         6       608     0.447     0.773     0.672     0.567         0         0         0
    42/399     5.03G   0.00655         0    0.0362    0.0427         4       608     0.419     0.818     0.745     0.554         0         0         0
    43/399     5.03G   0.00551         0    0.0287    0.0342         8       608     0.488     0.909     0.832     0.635         0         0         0
    44/399     5.03G   0.00611         0    0.0299     0.036         6       608     0.436     0.773     0.557     0.557         0         0         0
    45/399     5.03G   0.00328         0    0.0366    0.0399         4       608       0.4     0.909     0.773     0.556         0         0         0
    46/399     5.03G   0.00323         0    0.0268      0.03         4       608     0.297         1     0.887     0.458         0         0         0
    47/399     5.03G   0.00271         0    0.0215    0.0242         4       608     0.477     0.955     0.912     0.636         0         0         0
    48/399     5.03G   0.00215         0    0.0251    0.0272         4       608     0.724     0.955     0.938     0.824         0         0         0
    49/399     5.03G   0.00227         0    0.0247    0.0269         6       608     0.846         1      0.99     0.917         0         0         0
    50/399     5.03G   0.00172         0    0.0244    0.0262         4       608     0.917         1      0.96     0.957         0         0         0
    51/399     4.67G   0.00177         0    0.0214    0.0232         8       608     0.917         1      0.96     0.957         0         0         0
    52/399     5.05G   0.00178         0    0.0166    0.0184         4       608     0.917         1         1     0.957         0         0         0
    53/399     5.05G   0.00137         0    0.0198    0.0212         4       608     0.875     0.955     0.915     0.913         0         0         0
    54/399     5.05G   0.00142         0    0.0229    0.0243         6       608     0.913     0.955     0.917     0.933         0         0         0
    55/399     5.05G   0.00135         0    0.0214    0.0228         6       608     0.913     0.955     0.913     0.933         0         0         0
    56/399     5.05G   0.00127         0    0.0213    0.0226         4       608     0.913     0.955     0.911     0.933         0         0         0
    57/399     5.05G   0.00127         0    0.0222    0.0235         4       608     0.913     0.955     0.911     0.933         0         0         0
    58/399     5.05G   0.00144         0    0.0187    0.0201         4       608     0.955     0.955     0.913     0.955         0         0         0
    59/399     5.05G   0.00127         0    0.0204    0.0216         4       608     0.913     0.955     0.911     0.933         0         0         0
    60/399     5.05G   0.00125         0    0.0227    0.0239         8       608     0.957         1         1     0.978         0         0         0
    61/399     5.05G   0.00113         0    0.0235    0.0247         6       608     0.957         1         1     0.978         0         0         0
    62/399     5.05G   0.00104         0    0.0168    0.0178         4       608     0.917         1         1     0.957         0         0         0
    63/399     5.05G     0.001         0     0.018     0.019         4       608     0.917         1         1     0.957         0         0         0
    64/399     5.05G   0.00135         0    0.0226     0.024         4       608     0.917         1         1     0.957         0         0         0
    65/399     5.05G    0.0013         0    0.0227     0.024         6       608     0.913     0.955     0.931     0.933         0         0         0
    66/399     5.05G    0.0014         0    0.0173    0.0187         6       608     0.769     0.909     0.905     0.833         0         0         0
    67/399     5.05G   0.00129         0    0.0152    0.0165         8       608       0.8     0.909     0.905     0.851         0         0         0
    68/399     5.05G   0.00123         0    0.0165    0.0178         6       608     0.875     0.955     0.944     0.913         0         0         0
    69/399     5.05G   0.00109         0    0.0153    0.0164         6       608     0.917         1      0.99     0.957         0         0         0
    70/399     5.05G     0.001         0    0.0156    0.0166         8       608     0.957         1         1     0.978         0         0         0
    71/399     5.05G   0.00101         0     0.014     0.015         6       608     0.846         1     0.998     0.917         0         0         0
    72/399     5.05G     0.001         0    0.0207    0.0217         8       608     0.957         1     0.998     0.978         0         0         0
    73/399     5.05G  0.000938         0    0.0182    0.0192         6       608      0.87     0.909     0.907     0.889         0         0         0
    74/399     5.05G  0.000926         0    0.0197    0.0207         6       608     0.769     0.909     0.903     0.833         0         0         0
    75/399     5.05G   0.00097         0    0.0167    0.0177         4       608     0.625     0.909     0.895     0.741         0         0         0
    76/399     5.05G   0.00106         0    0.0145    0.0155         4       608     0.476     0.909     0.887     0.625         0         0         0
    77/399     5.05G   0.00126         0    0.0129    0.0142         8       608     0.595         1     0.905     0.746         0         0         0
    78/399     5.05G  0.000934         0     0.015    0.0159         4       608     0.769     0.909     0.894     0.833         0         0         0
    79/399     5.05G   0.00125         0    0.0271    0.0283         6       608     0.826     0.864     0.852     0.844         0         0         0
    80/399     5.05G   0.00224         0    0.0166    0.0188         4       608     0.769     0.909     0.875     0.833         0         0         0
    81/399     5.05G   0.00166         0    0.0243     0.026         4       608     0.741     0.909      0.87     0.816         0         0         0
    82/399     5.05G   0.00398         0    0.0203    0.0243         4       608      0.69     0.909     0.888     0.784         0         0         0
    83/399     5.05G   0.00396         0    0.0174    0.0214         4       608     0.439     0.818     0.735     0.571         0         0         0
    84/399     5.05G   0.00268         0     0.016    0.0187         6       608     0.594     0.864     0.786     0.704         0         0         0
    85/399     5.05G     0.003         0    0.0148    0.0179         6       608     0.647         1     0.976     0.786         0         0         0
    86/399     5.05G   0.00234         0    0.0154    0.0178         6       608     0.538     0.955     0.924     0.689         0         0         0
    87/399     5.05G   0.00217         0     0.014    0.0162         4       608     0.647         1     0.984     0.786         0         0         0
    88/399     5.05G   0.00128         0    0.0142    0.0154         4       608      0.71         1      0.97      0.83         0         0         0
    89/399     5.05G   0.00168         0    0.0156    0.0173         6       608     0.815         1     0.984     0.898         0         0         0
    90/399     5.05G   0.00121         0    0.0137    0.0149         4       608         1         1         1         1         0         0         0
    91/399     5.05G   0.00101         0    0.0183    0.0193         6       608         1         1         1         1         0         0         0
    92/399     5.05G  0.000897         0    0.0179    0.0188         8       608         1         1         1         1         0         0         0
    93/399     5.05G   0.00118         0    0.0141    0.0153         6       608         1         1         1         1         0         0         0
    94/399     5.05G   0.00092         0    0.0152    0.0162         6       608     0.957         1         1     0.978         0         0         0
    95/399     4.67G  0.000868         0    0.0215    0.0223         8       608     0.957         1         1     0.978         0         0         0
    96/399     5.05G  0.000889         0    0.0141     0.015         4       608     0.957         1         1     0.978         0         0         0
    97/399     5.05G   0.00115         0    0.0155    0.0166         4       608         1         1         1         1         0         0         0
    98/399     5.05G  0.000792         0     0.014    0.0148         6       608     0.957         1         1     0.978         0         0         0
    99/399     5.05G  0.000839         0     0.013    0.0139         6       608     0.846         1         1     0.917         0         0         0
   100/399     5.05G  0.000841         0    0.0173    0.0181         4       608      0.88         1         1     0.936         0         0         0
   101/399     5.05G  0.000726         0    0.0125    0.0132         4       608      0.88         1         1     0.936         0         0         0
   102/399     5.05G  0.000641         0    0.0117    0.0123         4       608         1         1         1         1         0         0         0
   103/399     5.05G  0.000693         0    0.0139    0.0146         4       608         1         1         1         1         0         0         0
   104/399     5.05G  0.000734         0     0.015    0.0157         8       608         1         1         1         1         0         0         0
   105/399     5.05G  0.000628         0    0.0161    0.0167         6       608         1         1         1         1         0         0         0
   106/399     5.05G    0.0007         0    0.0144    0.0151         4       608         1         1         1         1         0         0         0
   107/399     5.05G    0.0006         0    0.0121    0.0127         4       608         1         1         1         1         0         0         0
   108/399     5.05G  0.000632         0    0.0171    0.0177         4       608     0.957         1         1     0.978         0         0         0
   109/399     5.05G   0.00173         0    0.0178    0.0195         6       608      0.88         1         1     0.936         0         0         0
   110/399     5.05G   0.00176         0    0.0129    0.0146         6       608     0.724     0.955     0.878     0.824         0         0         0
   111/399     5.05G  0.000906         0    0.0142    0.0151         8       608     0.815         1     0.984     0.898         0         0         0
   112/399     5.05G  0.000898         0    0.0129    0.0138         6       608     0.917         1     0.998     0.957         0         0         0
   113/399     5.05G  0.000697         0    0.0109    0.0116         6       608     0.957         1     0.998     0.978         0         0         0
   114/399     5.05G  0.000704         0    0.0113     0.012         8       608     0.955     0.955     0.955     0.955         0         0         0
   115/399     5.05G  0.000707         0    0.0127    0.0134         6       608         1     0.955     0.955     0.977         0         0         0
   116/399     5.05G  0.000652         0    0.0124     0.013         8       608         1         1         1         1         0         0         0
   117/399     5.05G  0.000625         0    0.0127    0.0133         6       608     0.957         1         1     0.978         0         0         0
   118/399     5.05G  0.000628         0    0.0116    0.0122         6       608     0.957         1         1     0.978         0         0         0
   119/399     5.05G  0.000623         0    0.0108    0.0114         4       608     0.957         1         1     0.978         0         0         0
   120/399     5.05G  0.000545         0    0.0116    0.0121         4       608         1         1         1         1         0         0         0
   121/399     5.05G  0.000539         0   0.00918   0.00972         8       608         1         1         1         1         0         0         0
   122/399     5.05G  0.000516         0    0.0123    0.0128         4       608     0.955     0.955     0.926     0.955         0         0         0
   123/399     5.05G  0.000582         0    0.0192    0.0198         6       608     0.955     0.955     0.936     0.955         0         0         0
   124/399     5.05G  0.000532         0    0.0136    0.0141         4       608     0.955     0.955      0.94     0.955         0         0         0
   125/399     5.05G  0.000497         0    0.0125    0.0129         4       608     0.955     0.955     0.952     0.955         0         0         0
   126/399     5.05G  0.000512         0    0.0143    0.0149         4       608         1         1         1         1         0         0         0
   127/399     5.05G   0.00049         0    0.0122    0.0127         4       608      0.88         1         1     0.936         0         0         0
   128/399     5.05G  0.000497         0     0.012    0.0125         6       608     0.917         1         1     0.957         0         0         0
   129/399     5.05G  0.000496         0    0.0109    0.0114         6       608     0.917         1         1     0.957         0         0         0
   130/399     5.05G  0.000469         0    0.0114    0.0119         6       608     0.917         1         1     0.957         0         0         0
   131/399     5.05G  0.000487         0   0.00942   0.00991         4       608     0.917         1         1     0.957         0         0         0
   132/399     5.05G  0.000461         0   0.00971    0.0102         4       608      0.88         1         1     0.936         0         0         0
   133/399     5.05G   0.00047         0    0.0124    0.0129         6       608      0.88         1         1     0.936         0         0         0
   134/399     5.05G  0.000468         0   0.00883    0.0093         4       608     0.957         1         1     0.978         0         0         0
   135/399     5.05G  0.000445         0   0.00943   0.00988         6       608         1         1         1         1         0         0         0
   136/399     5.05G  0.000447         0   0.00945    0.0099         8       608         1         1         1         1         0         0         0
   137/399     5.05G  0.000441         0    0.0098    0.0102         6       608         1         1         1         1         0         0         0
   138/399     5.05G  0.000443         0    0.0102    0.0107         6       608         1         1         1         1         0         0         0
   139/399     5.05G   0.00045         0   0.00784   0.00829         6       608         1         1         1         1         0         0         0
   140/399     5.05G  0.000444         0    0.0147    0.0151         6       608         1     0.955     0.955     0.977         0         0         0
   141/399     5.05G  0.000583         0    0.0121    0.0126         4       608     0.913     0.955     0.955     0.933         0         0         0
   142/399     5.05G   0.00135         0    0.0228    0.0241         6       608     0.233     0.955     0.895     0.375         0         0         0
   143/399     5.05G   0.00135         0    0.0124    0.0137         8       608     0.808     0.955     0.955     0.875         0         0         0
   144/399     5.05G   0.00186         0   0.00966    0.0115         8       608     0.733         1         1     0.846         0         0         0
   145/399     5.05G   0.00111         0    0.0117    0.0128         6       608     0.846         1     0.991     0.917         0         0         0
   146/399     5.05G    0.0033         0    0.0134    0.0167         6       608     0.386         1     0.986     0.557         0         0         0
   147/399     5.05G   0.00269         0    0.0109    0.0136         4       608     0.512         1     0.988     0.677         0         0         0
   148/399     5.05G   0.00227         0   0.00948    0.0118         4       608     0.583     0.955     0.901     0.724         0         0         0
   149/399     5.05G   0.00208         0    0.0112    0.0132         6       608     0.583     0.955     0.935     0.724         0         0         0
   150/399     5.05G   0.00116         0    0.0129     0.014         6       608     0.553     0.955     0.919       0.7         0         0         0
   151/399     5.05G   0.00184         0    0.0115    0.0134         4       608     0.677     0.955     0.921     0.792         0         0         0
   152/399     4.67G   0.00093         0    0.0118    0.0127         8       608     0.786         1         1      0.88         0         0         0
   153/399     5.05G  0.000971         0   0.00856   0.00953         4       608     0.786         1         1      0.88         0         0         0
   154/399     5.05G  0.000886         0    0.0133    0.0142         4       608     0.759         1         1     0.863         0         0         0
   155/399     5.05G   0.00139         0    0.0156     0.017         6       608     0.512         1     0.998     0.677         0         0         0
   156/399     5.05G  0.000679         0    0.0136    0.0143         6       608     0.553     0.955     0.921       0.7         0         0         0
   157/399     5.05G  0.000773         0    0.0165    0.0173         4       608     0.688         1     0.998     0.815         0         0         0
   158/399     5.05G  0.000695         0    0.0119    0.0126         4       608     0.833     0.909     0.909      0.87         0         0         0
   159/399     5.05G  0.000789         0    0.0113     0.012         4       608     0.955     0.955     0.952     0.955         0         0         0
   160/399     5.05G  0.000744         0    0.0119    0.0126         4       608     0.955     0.955     0.955     0.955         0         0         0
   161/399     5.05G   0.00347         0    0.0143    0.0178         8       608     0.611         1         1     0.759         0         0         0
   162/399     5.05G   0.00137         0    0.0122    0.0136         6       608   0.00181    0.0455  0.000168   0.00348         0         0         0
   163/399     5.05G  0.000647         0      0.01    0.0107         4       608   0.00139    0.0455  0.000161    0.0027         0         0         0
   164/399     5.05G   0.00131         0    0.0113    0.0126         4       608    0.0221     0.636    0.0219    0.0427         0         0         0
   165/399     5.05G   0.00207         0    0.0126    0.0146         4       608    0.0522     0.909     0.149    0.0988         0         0         0
   166/399     5.05G   0.00082         0    0.0119    0.0127         6       608     0.116         1     0.756     0.208         0         0         0
   167/399     5.05G   0.00122         0      0.01    0.0113         6       608     0.361         1     0.687      0.53         0         0         0
   168/399     5.05G  0.000987         0     0.013     0.014         8       608     0.667         1     0.951       0.8         0         0         0
   169/399     5.05G   0.00147         0    0.0114    0.0128         6       608     0.786         1     0.996      0.88         0         0         0
   170/399     5.05G  0.000598         0   0.00874   0.00934         6       608     0.917         1     0.998     0.957         0         0         0
   171/399     5.05G    0.0011         0   0.00937    0.0105         8       608     0.846         1         1     0.917         0         0         0
   172/399     5.05G  0.000701         0   0.00935    0.0101         6       608     0.688         1         1     0.815         0         0         0
   173/399     5.05G  0.000663         0    0.0122    0.0128         8       608     0.233     0.955     0.955     0.375         0         0         0
   174/399     5.05G  0.000766         0    0.0122     0.013         6       608     0.214     0.955     0.955      0.35         0         0         0
   175/399     5.05G  0.000503         0    0.0109    0.0114         6       608     0.164     0.955     0.865      0.28         0         0         0
   176/399     5.05G  0.000532         0   0.00769   0.00822         4       608     0.152     0.955     0.643     0.263         0         0         0
   177/399     5.05G   0.00051         0   0.00763   0.00814         4       608     0.156     0.955     0.793     0.268         0         0         0
   178/399     5.05G   0.00043         0   0.00862   0.00905         8       608     0.169     0.955     0.847     0.288         0         0         0
   179/399     5.05G  0.000446         0   0.00857   0.00902         4       608     0.175     0.955     0.937     0.296         0         0         0
   180/399     5.05G  0.000429         0    0.0165    0.0169         6       608     0.191     0.955     0.952     0.318         0         0         0
   181/399     5.05G  0.000429         0    0.0106     0.011         4       608     0.564         1         1     0.721         0         0         0
   182/399     5.05G  0.000422         0    0.0105     0.011         4       608         1         1         1         1         0         0         0
   183/399     5.05G  0.000399         0    0.0116     0.012         4       608     0.957         1         1     0.978         0         0         0
   184/399     5.05G  0.000394         0    0.0115    0.0119         4       608     0.688         1         1     0.815         0         0         0
   185/399     5.05G   0.00039         0   0.00993    0.0103         6       608         1         1         1         1         0         0         0
   186/399     5.05G  0.000384         0    0.0104    0.0108         6       608         1         1         1         1         0         0         0
   187/399     5.05G  0.000385         0   0.00895   0.00934         6       608         1         1         1         1         0         0         0
   188/399     5.05G  0.000408         0   0.00727   0.00768         4       608         1         1         1         1         0         0         0
   189/399     5.05G  0.000373         0   0.00828   0.00865         4       608         1         1         1         1         0         0         0
   190/399     5.05G  0.000368         0   0.00916   0.00953         6       608         1         1         1         1         0         0         0
   191/399     5.05G  0.000365         0   0.00866   0.00903         4       608      0.88         1         1     0.936         0         0         0
   192/399     5.05G   0.00036         0   0.00854    0.0089         6       608     0.278         1         1     0.436         0         0         0
   193/399     5.05G  0.000358         0   0.00802   0.00838         8       608     0.415         1         1     0.587         0         0         0
   194/399     5.05G  0.000355         0   0.00805   0.00841         6       608     0.815         1         1     0.898         0         0         0
   195/399     5.05G  0.000345         0    0.0096   0.00994         6       608     0.957         1         1     0.978         0         0         0
   196/399     5.05G  0.000347         0   0.00771   0.00806         6       608         1         1         1         1         0         0         0
   197/399     5.05G   0.00036         0    0.0114    0.0117         6       608         1         1         1         1         0         0         0
   198/399     5.05G  0.000352         0   0.00765     0.008         4       608         1         1         1         1         0         0         0
   199/399     5.05G  0.000355         0   0.00976    0.0101         6       608         1         1         1         1         0         0         0
   200/399     5.05G   0.00033         0   0.00856   0.00889         8       608         1         1         1         1         0         0         0
   201/399     5.05G  0.000347         0   0.00775    0.0081         8       608     0.955     0.955     0.944     0.955         0         0         0
   202/399     5.05G  0.000348         0   0.00975    0.0101         6       608     0.955     0.955      0.95     0.955         0         0         0
   203/399     5.05G  0.000362         0    0.0147    0.0151         6       608     0.913     0.955     0.955     0.933         0         0         0
   204/399     5.05G  0.000346         0   0.00845    0.0088         4       608     0.957         1         1     0.978         0         0         0
   205/399     5.05G  0.000342         0   0.00794   0.00828         4       608     0.917         1         1     0.957         0         0         0
   206/399     5.05G  0.000323         0   0.00888   0.00921         6       608     0.379         1         1      0.55         0         0         0
   207/399     5.05G  0.000315         0   0.00823   0.00854         6       608     0.478         1         1     0.647         0         0         0
   208/399     5.05G  0.000346         0   0.00884   0.00919         4       608      0.71         1         1      0.83         0         0         0
   209/399     5.05G  0.000333         0   0.00849   0.00882         6       608     0.917         1         1     0.957         0         0         0
   210/399     5.05G  0.000329         0   0.00677    0.0071         6       608         1         1         1         1         0         0         0
   211/399     5.05G   0.00032         0   0.00781   0.00813         8       608         1         1         1         1         0         0         0
   212/399     5.05G  0.000312         0   0.00766   0.00798         6       608         1         1         1         1         0         0         0
   213/399     5.05G  0.000353         0   0.00614    0.0065         4       608     0.957         1         1     0.978         0         0         0
   214/399     5.05G  0.000313         0   0.00704   0.00736         4       608     0.957         1         1     0.978         0         0         0
   215/399     5.05G  0.000351         0   0.00794   0.00829         6       608     0.957         1         1     0.978         0         0         0
   216/399     5.05G  0.000318         0   0.00784   0.00815         4       608     0.957         1         1     0.978         0         0         0
   217/399     5.05G  0.000313         0   0.00602   0.00633         6       608     0.917         1         1     0.957         0         0         0
   218/399     5.05G  0.000321         0   0.00718    0.0075         4       608     0.957         1         1     0.978         0         0         0
   219/399     5.05G  0.000309         0   0.00741   0.00771         4       608         1         1         1         1         0         0         0
   220/399     5.05G  0.000311         0   0.00679    0.0071         6       608     0.846         1         1     0.917         0         0         0
   221/399     5.05G  0.000306         0   0.00595   0.00626         6       608     0.309     0.955     0.955     0.467         0         0         0
   222/399     5.05G    0.0003         0     0.008    0.0083         4       608     0.219     0.955     0.948     0.356         0         0         0
   223/399     5.05G  0.000294         0   0.00645   0.00675         8       608     0.194     0.955     0.947     0.323         0         0         0
   224/399     5.05G   0.00029         0   0.00654   0.00683         6       608       0.7     0.955     0.955     0.808         0         0         0
   225/399     5.05G  0.000294         0    0.0071   0.00739         4       608         1         1         1         1         0         0         0
   226/399     5.05G  0.000286         0   0.00885   0.00913         6       608      0.75     0.955     0.955      0.84         0         0         0
   227/399     5.05G  0.000298         0   0.00878   0.00908         4       608     0.913     0.955     0.955     0.933         0         0         0
   228/399     5.05G  0.000343         0   0.00854   0.00888         4       608         1         1         1         1         0         0         0
